98.359822
0.000000 0.000000 0.000000 45.486858 0 0 4
-27.375953 -4.242690 16.420469 29.456705 1 1 4
-34.675671 -1.720755 4.238377 0.418147 2 1 1
-34.675671 -1.720755 4.238377 0.418147 3 1 1
-34.675671 -1.720755 4.238377 0.418147 4 2 0
-27.390217 0.801320 10.316636 10.609337 2 1 3
-27.375950 -1.720755 4.238377 0.176606 3 1 1
-27.375950 -1.720755 4.238377 0.176606 4 2 0
-27.375950 0.801201 10.329440 9.124514 3 1 3
-27.375950 0.801198 10.329437 3.340844 4 2 0
-27.375950 5.845105 10.329437 0.342593 4 2 0
-20.076229 5.845105 10.329437 0.251696 4 2 0
-27.369995 5.845097 16.402990 2.709680 3 1 1
-27.375950 5.845105 16.420498 2.691187 4 2 0
-24.636091 -4.242677 18.466765 16.228382 2 1 3
-27.375950 0.083213 16.420498 5.495373 3 1 3
-27.375950 0.801198 16.420498 2.138379 4 2 0
-27.375950 -4.242708 16.420498 1.169452 4 2 0
-27.375950 -1.720755 16.420498 0.383574 4 2 0
-12.776510 -4.242708 28.602618 0.627574 3 1 1
-12.776508 -4.242708 28.602619 0.627572 4 2 0
-20.076260 -1.720744 22.511533 0.308826 3 1 1
-20.076229 -1.720755 22.511559 0.308785 4 2 0
-16.905641 10.462266 20.855075 20.594307 2 1 4
-25.009670 10.523530 17.479707 10.077600 3 1 6
-20.076229 5.845105 16.420498 3.196581 4 2 0
-20.076229 10.889011 16.420498 1.847326 4 2 0
-27.375950 10.889011 22.511559 1.695488 4 2 0
-27.375950 8.367058 22.511559 0.636780 4 2 0
-20.076229 13.410965 22.511559 0.157336 4 2 0
-20.076229 8.367058 22.511559 0.157336 4 2 0
-25.102508 12.226221 16.849937 9.736595 3 1 6
-27.375950 13.410965 16.420498 4.874673 4 2 0
-20.076229 15.932919 16.420498 2.521851 4 2 0
-27.375950 15.932919 22.511559 1.717843 4 2 0
-20.076229 15.932919 22.511559 1.307062 4 2 0
-27.375950 13.410965 22.511559 0.804110 4 2 0
-20.076229 13.410965 16.420498 0.000103 4 2 0
-16.241377 2.246316 24.629558 13.605205 3 1 11
-20.076229 3.323152 22.511559 2.947479 4 2 0
-5.476788 0.801198 28.602619 1.827276 4 2 0
-12.776508 -1.720755 28.602619 1.666019 4 2 0
-12.776508 3.323152 28.602619 1.180895 4 2 0
-12.776508 0.801198 28.602619 0.855934 4 2 0
-5.476788 3.323152 28.602619 0.694677 4 2 0
-5.476788 -1.720755 28.602619 0.694677 4 2 0
-12.776508 0.801198 22.511559 0.453511 4 2 0
-5.476788 -4.242708 28.602619 0.423055 4 2 0
-12.776508 5.845105 28.602619 0.342593 4 2 0
-12.776508 3.323152 22.511559 0.000102 4 2 0
-12.776509 10.889480 22.512124 8.251678 3 1 3
-12.776508 10.889011 22.511559 7.565758 4 2 0
-12.776508 15.932919 28.602619 0.342593 4 2 0
-12.776508 5.845105 16.420498 0.342593 4 2 0
-26.390934 9.948625 -3.238807 29.113436 1 1 4
-34.675666 -0.897163 -5.835718 11.032080 2 1 4
-34.675671 -4.242661 -14.034803 6.640597 3 1 2
-34.675671 -4.242708 -7.943743 0.549537 4 2 0
-34.675671 -4.242708 -14.034803 0.517569 4 2 0
-34.675671 2.007289 -9.988172 6.881487 3 1 3
-34.675671 3.323152 -7.943743 3.187044 4 2 0
-34.675671 0.801198 -14.034803 2.658942 4 2 0
-34.675671 -1.720755 -7.943743 1.722633 4 2 0
-27.495736 -1.775302 -7.943743 2.954405 3 1 3
-27.375950 -1.720755 -7.943743 2.146832 4 2 0
-27.375950 0.801198 -7.943743 0.375121 4 2 0
-27.375950 -4.242708 -7.943743 0.375121 4 2 0
-34.664906 5.403832 -1.861666 6.057415 3 1 2
-34.675671 5.845105 -1.852683 3.196581 4 2 0
-34.675671 0.801198 -1.852683 1.454761 4 2 0
-31.455335 8.988409 -13.280164 29.323046 2 1 4
-34.565016 1.098311 -20.125202 8.230678 3 1 4
-34.675671 0.801198 -20.125864 3.432118 4 2 0
-34.675671 5.845105 -20.125864 1.382350 4 2 0
-27.375950 0.801198 -20.125864 0.807569 4 2 0
-27.375950 -1.720755 -20.125864 0.508644 4 2 0
-33.940139 10.009974 -15.422169 10.950481 3 1 7
-34.675671 10.889011 -14.034803 6.526001 4 2 0
-34.675671 15.932919 -20.125864 1.382350 4 2 0
-34.675671 15.932919 -7.943743 1.382350 4 2 0
-34.675671 8.367058 -20.125864 0.066515 4 2 0
-34.675671 13.410965 -20.125864 0.066515 4 2 0
-34.675671 8.367058 -7.943743 0.066515 4 2 0
-34.675671 13.410965 -7.943743 0.066515 4 2 0
-27.375963 5.652074 -14.058728 10.354368 3 1 7
-27.375950 5.845105 -7.943743 4.236338 4 2 0
-27.375950 5.845105 -20.125864 4.236338 4 2 0
-27.375950 3.323152 -14.034803 2.356178 4 2 0
-27.375950 8.367058 -14.034803 1.197093 4 2 0
-27.375950 10.889011 -14.034803 0.773720 4 2 0
-27.375950 5.845105 -14.034803 0.165775 4 2 0
-27.375950 0.801198 -14.034803 0.165775 4 2 0
-23.969369 14.865954 -12.733037 21.518745 3 1 12
-27.375950 13.410965 -20.125864 3.310014 4 2 0
-27.375950 13.410965 -7.943743 3.310014 4 2 0
-20.076229 15.932919 -14.034803 2.521851 4 2 0
-20.076229 15.932919 -20.125864 2.521851 4 2 0
-27.375950 15.932919 -14.034803 2.346818 4 2 0
-5.476788 15.932919 -20.125864 1.574627 4 2 0
-20.076229 10.889011 -20.125864 0.441336 4 2 0
-20.076229 10.889011 -7.943743 0.211224 4 2 0
-27.375950 13.410965 -14.034803 0.175135 4 2 0
-20.076229 10.889011 -14.034803 0.097242 4 2 0
-20.076229 13.410965 -20.125864 0.000103 4 2 0
-20.076229 13.410965 -14.034803 0.000103 4 2 0
-26.203898 2.926473 1.941724 10.557140 2 1 4
-34.675634 0.801219 4.238346 6.350947 3 1 3
-34.675671 5.845105 4.238377 1.307061 4 2 0
-34.675671 3.323152 4.238377 1.094237 4 2 0
-34.675671 0.801198 4.238377 0.716775 4 2 0
-29.286614 3.736859 -0.258380 4.669904 3 1 3
-27.375950 3.323152 -1.852683 2.147288 4 2 0
-27.375950 0.801198 -1.852683 0.374665 4 2 0
-27.375950 5.845105 -1.852683 0.342593 4 2 0
-27.375950 0.801198 4.238377 2.345347 3 1 1
-27.375950 0.801198 4.238377 2.345347 4 2 0
-27.375950 0.816872 4.219450 2.506453 3 1 1
-27.375950 3.323152 4.238377 0.000102 4 2 0
-26.003247 11.593148 3.848255 17.877174 2 1 4
-34.675669 14.508456 -1.850559 7.560400 3 1 5
-34.675671 15.932919 -1.852683 2.521851 4 2 0
-34.675671 10.889011 -1.852683 1.847326 4 2 0
-34.675671 15.932919 4.238377 1.307062 4 2 0
-34.675671 13.410965 4.238377 0.157336 4 2 0
-34.675671 13.410965 -1.852683 0.000103 4 2 0
-27.507620 11.254740 3.538159 13.846004 3 1 6
-27.375950 10.889011 4.238377 7.565758 4 2 0
-20.076229 10.889011 -1.852683 0.856613 4 2 0
-27.375950 15.932919 10.329437 0.342593 4 2 0
-27.375950 15.932919 -1.852683 0.342593 4 2 0
-34.675671 8.367058 4.238377 0.157336 4 2 0
-20.076229 13.410965 -7.943743 0.000103 4 2 0
-20.076268 8.498694 9.707434 5.627976 3 1 4
-20.076229 8.367058 10.329437 2.270257 4 2 0
-20.076229 10.889011 10.329437 0.251697 4 2 0
-20.076229 8.367058 4.238377 0.157336 4 2 0
-20.076229 13.410965 10.329437 0.000103 4 2 0
-17.758767 15.932723 6.181843 16.836277 3 1 8
-12.776508 15.932919 10.329437 2.521851 4 2 0
-20.076229 15.932919 10.329437 2.521851 4 2 0
-20.076229 15.932919 -1.852683 2.521851 4 2 0
-20.076229 15.932919 -7.943743 2.521851 4 2 0
-20.076229 15.932919 4.238377 1.307062 4 2 0
-20.076229 13.410965 4.238377 0.157336 4 2 0
-20.076229 13.410965 -1.852683 0.000103 4 2 0
-12.776508 13.410965 10.329437 0.000103 4 2 0
10.333014 -2.081027 0.758081 31.887363 1 1 4
9.122683 11.961250 -20.122981 9.900917 2 1 4
9.122654 6.312805 -20.125864 3.233522 3 1 2
9.122654 5.845105 -20.125864 1.561058 4 2 0
9.122654 3.323152 -20.125864 0.243869 4 2 0
9.122654 13.410965 -20.125864 2.639996 3 1 1
9.122654 13.410965 -20.125864 2.639996 4 2 0
9.122665 6.312820 -20.125864 3.015133 3 1 1
9.122654 8.367058 -20.125864 0.960895 4 2 0
16.422314 15.932897 -20.125864 1.590768 3 1 1
16.422375 15.932919 -20.125864 1.590703 4 2 0
16.498900 8.429983 -14.311759 13.481414 2 1 4
9.122654 5.839724 -7.956739 6.799218 3 1 2
9.122654 5.845105 -7.943743 1.713672 4 2 0
9.122654 3.323152 -14.034803 0.220769 4 2 0
9.122689 8.367073 -7.943766 0.808326 3 1 1
9.122654 8.367058 -7.943743 0.808282 4 2 0
16.532606 8.241012 -14.119258 12.564318 3 1 6
16.422375 8.367058 -14.034803 8.122343 4 2 0
23.722095 5.845105 -20.125864 1.713672 4 2 0
16.422375 0.801198 -20.125864 1.590702 4 2 0
16.422375 -1.720755 -14.034803 1.210152 4 2 0
16.422375 -1.720755 -20.125864 0.931251 4 2 0
23.722095 5.845105 -7.943743 0.465003 4 2 0
23.722092 14.093923 -14.034804 9.745363 3 1 6
23.722095 13.410965 -20.125864 2.639996 4 2 0
23.722095 13.410965 -7.943743 2.639996 4 2 0
23.722095 15.932919 -14.034803 2.390895 4 2 0
23.722095 8.367058 -7.943743 1.384861 4 2 0
23.722095 8.367058 -20.125864 0.808281 4 2 0
23.722095 13.410965 -14.034803 0.131059 4 2 0
10.456960 -4.242704 8.873813 13.722880 2 1 4
9.122657 3.309785 4.238451 2.883252 3 1 1
9.122654 0.801198 4.238377 0.374665 4 2 0
9.122654 3.309806 4.238426 2.160634 3 1 1
9.122654 3.323152 4.238377 2.147288 4 2 0
10.101787 -4.242707 9.512453 13.055945 3 1 5
9.122654 -4.242708 10.329437 1.456661 4 2 0
16.422375 -4.242708 4.238377 0.782324 4 2 0
16.422375 -1.720755 10.329437 0.329608 4 2 0
16.422375 -1.720755 4.238377 0.298208 4 2 0
9.122654 -4.242708 22.511559 0.020016 4 2 0
9.225649 0.806675 10.318586 8.080437 3 1 4
9.122654 0.801198 10.329437 2.449987 4 2 0
16.422375 3.323152 10.329437 0.456420 4 2 0
16.422375 0.801198 10.329437 0.375762 4 2 0
9.122654 -1.720755 10.329437 0.071966 4 2 0
16.891864 4.840057 -0.681567 12.393658 2 1 4
15.588775 -1.171128 -7.250497 8.713334 3 1 3
16.422375 -1.720755 -7.943743 2.595501 4 2 0
9.122654 3.323152 -7.943743 0.808282 4 2 0
16.422375 -4.242708 -1.852683 0.596771 4 2 0
16.258172 2.468487 -2.915955 8.479643 3 1 4
16.422375 3.323152 -1.852683 4.368771 4 2 0
9.122654 3.323152 -1.852683 1.214891 4 2 0
16.422375 -1.720755 -1.852683 0.675136 4 2 0
16.422375 8.367058 -1.852683 0.000103 4 2 0
16.422375 0.646920 3.963791 5.457129 3 1 3
16.422375 0.801198 4.238377 2.223745 4 2 0
16.422375 3.323152 4.238377 0.298208 4 2 0
16.422375 5.845105 4.238377 0.251696 4 2 0
23.713424 10.882432 -1.845447 2.661178 3 1 2
23.722095 10.889011 -1.852683 2.376176 4 2 0
23.722095 8.367058 -1.852683 0.145778 4 2 0
6.430496 10.057902 6.137177 29.716963 1 1 4
0.665716 12.719948 -11.305122 11.840453 2 1 3
-5.476757 15.932908 -14.034829 0.242674 3 1 1
-5.476788 15.932919 -14.034803 0.242633 4 2 0
1.820261 14.448295 -17.620489 6.402734 3 1 3
1.822933 13.410965 -20.125864 2.842811 4 2 0
1.822933 15.932919 -14.034803 2.521851 4 2 0
1.822933 13.410965 -14.034803 0.000103 4 2 0
5.874180 15.929854 -11.324199 7.495837 3 1 4
9.122654 15.932919 -14.034803 2.390895 4 2 0
1.822933 15.932919 -7.943743 2.219466 4 2 0
1.822933 13.410965 -7.943743 0.302487 4 2 0
9.122654 13.410965 -14.034803 0.131059 4 2 0
4.165355 13.414941 -2.898748 22.267752 2 1 4
9.118567 8.368528 -1.849243 10.757034 3 1 3
9.122654 8.367058 -1.852683 3.829015 4 2 0
1.822933 10.889011 4.238377 0.316614 4 2 0
1.822933 13.410965 4.238377 0.000103 4 2 0
6.677878 14.248477 -5.903764 8.638041 3 1 3
9.122654 13.410965 -7.943743 2.639996 4 2 0
1.822933 15.932919 -1.852683 2.094411 4 2 0
1.822933 13.410965 -1.852683 0.427542 4 2 0
14.198558 11.875675 -1.851636 12.873613 3 1 4
16.422375 13.410965 -1.852683 5.043804 4 2 0
23.722095 15.932919 -1.852683 2.521851 4 2 0
16.422375 15.932919 -7.943743 1.548712 4 2 0
23.722095 13.410965 -1.852683 0.000103 4 2 0
11.904686 15.932888 -0.404399 13.621270 3 1 3
9.122654 15.932919 -1.852683 2.521851 4 2 0
1.822933 15.932919 4.238377 2.521851 4 2 0
9.122654 13.410965 -1.852683 0.000103 4 2 0
4.759711 4.549880 17.565384 21.394583 2 1 4
-5.476788 0.801243 22.511555 8.160021 3 1 4
-5.476788 3.323152 22.511559 1.915079 4 2 0
-5.476788 5.845105 22.511559 0.606874 4 2 0
-5.476788 5.845105 28.602619 0.251696 4 2 0
-5.476788 0.801198 22.511559 0.171704 4 2 0
-3.483257 10.345491 17.686025 11.259801 3 1 13
-5.476788 15.932919 16.420498 2.521851 4 2 0
1.822933 5.845105 16.420498 2.309838 4 2 0
-5.476788 10.889011 16.420498 1.941447 4 2 0
-5.476788 15.932919 22.511559 1.307062 4 2 0
-5.476788 8.367058 16.420498 0.580507 4 2 0
1.822933 10.889011 16.420498 0.492548 4 2 0
-12.776508 15.932919 16.420498 0.342593 4 2 0
1.822933 5.845105 10.329437 0.276714 4 2 0
1.822933 8.367058 16.420498 0.212115 4 2 0
-5.476788 8.367058 22.511559 0.157336 4 2 0
-5.476788 13.410965 22.511559 0.157336 4 2 0
-5.476788 5.845105 16.420498 0.082619 4 2 0
-5.476788 13.410965 16.420498 0.000103 4 2 0
7.345196 1.400945 17.907563 9.409594 3 1 11
9.122654 0.801198 16.420498 2.891154 4 2 0
1.822933 3.323152 22.511559 1.967347 4 2 0
9.122654 8.367058 22.511559 0.733108 4 2 0
1.822933 0.801198 22.511559 0.554606 4 2 0
9.122654 5.845105 16.420498 0.342593 4 2 0
9.122654 -1.720755 22.511559 0.242848 4 2 0
1.822933 3.323152 16.420498 0.212115 4 2 0
9.122654 0.801198 22.511559 0.145906 4 2 0
9.122654 3.323152 22.511559 0.145861 4 2 0
9.122654 5.845105 22.511559 0.015464 4 2 0
9.122654 3.323152 10.329437 0.000102 4 2 0
1.082799 11.396993 23.618790 11.926176 3 1 9
1.822933 10.889011 22.511559 5.598513 4 2 0
-5.476788 15.932919 28.602619 2.521851 4 2 0
1.822933 15.932919 28.602619 2.309838 4 2 0
-5.476788 8.367058 28.602619 2.270257 4 2 0
9.122654 10.889011 22.511559 1.701208 4 2 0
1.822933 10.889011 28.602619 0.492548 4 2 0
-5.476788 10.889011 28.602619 0.251696 4 2 0
1.822933 13.410965 28.602619 0.212116 4 2 0
-5.476788 13.410965 28.602619 0.000103 4 2 0
8.735527 11.877936 11.870700 18.787125 2 1 4
-5.473244 15.930470 10.329437 11.814322 3 1 4
-5.476788 15.932919 10.329437 2.521851 4 2 0
1.822933 15.932919 16.420498 2.309838 4 2 0
1.822933 15.932919 10.329437 1.307062 4 2 0
-5.476788 13.410965 10.329437 0.000103 4 2 0
8.388361 11.221818 10.490367 9.326042 3 1 5
9.122654 10.889011 10.329437 7.565758 4 2 0
9.122654 15.932919 4.238377 0.342593 4 2 0
1.822933 13.410965 16.420498 0.212116 4 2 0
1.822933 13.410965 10.329437 0.157336 4 2 0
1.822933 8.367058 10.329437 0.157336 4 2 0
16.426474 8.180710 4.711778 12.142894 3 1 10
16.422375 8.367058 4.238377 2.270257 4 2 0
16.422375 15.932919 4.238377 1.548712 4 2 0
23.722095 15.932919 4.238377 1.487053 4 2 0
23.722095 13.410965 4.238377 1.034901 4 2 0
16.422375 5.845105 10.329437 0.989595 4 2 0
16.422375 13.410965 4.238377 0.973242 4 2 0
9.122654 5.845105 4.238377 0.342593 4 2 0
16.422375 10.889011 4.238377 0.251697 4 2 0
23.722095 10.889011 4.238377 0.193053 4 2 0
16.422375 8.367058 10.329437 0.157336 4 2 0
14.458916 15.814797 15.828409 11.074869 3 1 9
16.422375 15.932919 16.420498 2.521851 4 2 0
9.122654 15.932919 22.511559 2.521851 4 2 0
16.422375 15.932919 10.329437 1.307062 4 2 0
16.422375 15.932919 22.511559 0.351251 4 2 0
9.122654 15.932919 16.420498 0.342593 4 2 0
16.422375 10.889011 16.420498 0.192744 4 2 0
16.422375 13.410965 10.329437 0.157336 4 2 0
9.122654 13.410965 22.511559 0.000103 4 2 0
16.422375 13.410965 16.420498 0.000103 4 2 0
