98.359822
0.000000 0.000000 0.000000 45.486858 0 0 4
-27.375953 -4.242690 16.420469 29.456705 1 1 4
-34.675671 -1.720755 4.238377 0.418147 2 1 1
-34.675671 -1.720755 4.238377 0.418147 3 1 1
-34.675671 -1.720755 4.238377 0.418147 4 1 1
-34.675671 -1.720755 4.238377 0.418147 5 1 1
-34.675671 -1.720755 4.238377 0.418147 6 1 1
-34.675671 -1.720755 4.238377 0.418147 7 2 0
-27.390217 0.801320 10.316636 10.609337 2 1 3
-27.375950 -1.720755 4.238377 0.176606 3 1 1
-27.375950 -1.720755 4.238377 0.176606 4 1 1
-27.375950 -1.720755 4.238377 0.176606 5 1 1
-27.375950 -1.720755 4.238377 0.176606 6 1 1
-27.375950 -1.720755 4.238377 0.176606 7 2 0
-27.375950 0.801201 10.329440 9.124514 3 1 3
-27.372833 0.808783 10.329437 5.378915 4 1 1
-27.375950 5.845105 10.329437 0.342593 5 1 1
-27.375950 5.845105 10.329437 0.342593 6 1 1
-27.375950 5.845105 10.329437 0.342593 7 2 0
-27.372830 0.803354 10.329437 3.344637 4 1 1
-27.375950 0.801198 10.329437 3.340844 5 1 1
-27.375950 0.801198 10.329437 3.340844 6 1 1
-27.375950 0.801198 10.329437 3.340844 7 2 0
-20.076296 5.845105 10.329437 0.251763 4 1 1
-20.076229 5.845105 10.329437 0.251696 5 1 1
-20.076229 5.845105 10.329437 0.251696 6 1 1
-20.076229 5.845105 10.329437 0.251696 7 2 0
-27.369995 5.845097 16.402990 2.709680 3 1 1
-27.375950 5.845105 16.420498 2.691187 4 1 1
-27.375950 5.845105 16.420498 2.691187 5 1 1
-27.375950 5.845105 16.420498 2.691187 6 1 1
-27.375950 5.845105 16.420498 2.691187 7 2 0
-24.636091 -4.242677 18.466765 16.228382 2 1 3
-27.375950 0.083213 16.420498 5.495373 3 1 2
-27.375950 -4.156685 16.420498 2.819504 4 1 2
-27.375950 -4.242708 16.420498 1.169452 5 1 1
-27.375950 -4.242708 16.420498 1.169452 6 1 1
-27.375950 -4.242708 16.420498 1.169452 7 2 0
-27.375950 -1.720809 16.420498 0.383629 5 1 1
-27.375950 -1.720755 16.420498 0.383574 6 1 1
-27.375950 -1.720755 16.420498 0.383574 7 2 0
-27.375950 0.801197 16.420498 2.138381 4 1 1
-27.375950 0.801198 16.420498 2.138379 5 1 1
-27.375950 0.801198 16.420498 2.138379 6 1 1
-27.375950 0.801198 16.420498 2.138379 7 2 0
-12.776510 -4.242708 28.602618 0.627574 3 1 1
-12.776508 -4.242708 28.602619 0.627572 4 1 1
-12.776508 -4.242708 28.602619 0.627572 5 1 1
-12.776508 -4.242708 28.602619 0.627572 6 1 1
-12.776508 -4.242708 28.602619 0.627572 7 2 0
-20.076260 -1.720744 22.511533 0.308826 3 1 1
-20.076229 -1.720755 22.511559 0.308785 4 1 1
-20.076229 -1.720755 22.511559 0.308785 5 1 1
-20.076229 -1.720755 22.511559 0.308785 6 1 1
-20.076229 -1.720755 22.511559 0.308785 7 2 0
-16.905641 10.462266 20.855075 20.594307 2 1 4
-25.009670 10.523530 17.479707 10.077600 3 1 2
-23.257958 10.889836 19.077529 7.057429 4 1 4
-27.375950 8.367058 22.511559 0.636780 5 1 1
-27.375950 8.367058 22.511559 0.636780 6 1 1
-27.375950 8.367058 22.511559 0.636780 7 2 0
-27.375950 10.889011 22.511559 1.695488 5 1 1
-27.375950 10.889011 22.511559 1.695488 6 1 1
-27.375950 10.889011 22.511559 1.695488 7 2 0
-20.076229 10.887454 16.424259 1.851396 5 1 1
-20.076229 10.889011 16.420498 1.847326 6 1 1
-20.076229 10.889011 16.420498 1.847326 7 2 0
-20.076229 13.410949 22.511520 5.201227 5 1 2
-20.076229 8.367058 22.511559 0.157336 6 1 1
-20.076229 8.367058 22.511559 0.157336 7 2 0
-20.076229 13.410965 22.511559 0.157336 6 1 1
-20.076229 13.410965 22.511559 0.157336 7 2 0
-20.133479 5.865187 16.468989 3.274249 4 1 1
-20.076229 5.845105 16.420498 3.196581 5 1 1
-20.076229 5.845105 16.420498 3.196581 6 1 1
-20.076229 5.845105 16.420498 3.196581 7 2 0
-25.102508 12.226221 16.849937 9.736595 3 1 4
-27.375947 13.410966 16.420499 8.310358 4 1 2
-27.375950 13.411033 22.511559 0.804178 5 1 1
-27.375950 13.410965 22.511559 0.804110 6 1 1
-27.375950 13.410965 22.511559 0.804110 7 2 0
-27.375950 15.932918 22.511559 1.717844 5 1 1
-27.375950 15.932919 22.511559 1.717843 6 1 1
-27.375950 15.932919 22.511559 1.717843 7 2 0
-27.375950 13.410965 16.420498 4.874673 4 1 1
-27.375950 13.410965 16.420498 4.874673 5 1 1
-27.375950 13.410965 16.420498 4.874673 6 1 1
-27.375950 13.410965 16.420498 4.874673 7 2 0
-20.278208 15.863139 17.312846 3.439429 4 1 2
-20.076229 15.932919 16.420498 2.522057 5 1 1
-20.076229 13.410965 16.420498 0.000103 6 1 1
-20.076229 13.410965 16.420498 0.000103 7 2 0
-20.076229 15.932919 16.420498 2.521851 5 1 1
-20.076229 15.932919 16.420498 2.521851 6 1 1
-20.076229 15.932919 16.420498 2.521851 7 2 0
-21.786224 15.877939 18.417324 5.744388 4 1 1
-20.076229 15.932919 22.511559 1.307062 5 1 1
-20.076229 15.932919 22.511559 1.307062 6 1 1
-20.076229 15.932919 22.511559 1.307062 7 2 0
-16.241377 2.246316 24.629558 13.605205 3 1 3
-20.076229 3.323152 22.511559 2.947479 4 1 1
-20.076229 3.323152 22.511559 2.947479 5 1 1
-20.076229 3.323152 22.511559 2.947479 6 1 1
-20.076229 3.323152 22.511559 2.947479 7 2 0
-8.767248 -0.285903 28.554702 5.924571 4 1 3
-12.776508 -1.720755 28.602619 1.666019 5 1 1
-12.776508 -1.720755 28.602619 1.666019 6 1 1
-12.776508 -1.720755 28.602619 1.666019 7 2 0
-5.476788 -2.185357 28.602619 2.480406 5 1 2
-5.476788 -4.242635 28.602619 0.423129 6 1 1
-5.476788 -4.242708 28.602619 0.423055 7 2 0
-5.476788 -1.720758 28.602619 0.694681 6 1 1
-5.476788 -1.720755 28.602619 0.694677 7 2 0
-5.476788 0.932552 28.602619 3.085277 5 1 2
-5.476788 3.323088 28.602619 0.694740 6 1 1
-5.476788 3.323152 28.602619 0.694677 7 2 0
-5.476788 0.801198 28.602619 1.827276 6 1 1
-5.476788 0.801198 28.602619 1.827276 7 2 0
-11.566355 3.373247 28.602618 7.175186 4 1 4
-12.776508 0.801198 27.813917 5.755870 5 1 1
-12.776508 0.801198 22.511559 0.453511 6 1 1
-12.776508 0.801198 22.511559 0.453511 7 2 0
-12.776508 3.247979 28.283484 5.772517 5 1 2
-12.776508 3.323152 28.602619 6.091163 6 1 1
-12.776508 3.323152 22.511559 0.000102 7 2 0
-12.776508 3.323152 28.602619 1.180895 6 1 1
-12.776508 3.323152 28.602619 1.180895 7 2 0
-12.776508 0.801202 28.602619 0.855938 5 1 1
-12.776508 0.801198 28.602619 0.855934 6 1 1
-12.776508 0.801198 28.602619 0.855934 7 2 0
-12.776508 5.845046 28.602619 0.342652 5 1 1
-12.776508 5.845105 28.602619 0.342593 6 1 1
-12.776508 5.845105 28.602619 0.342593 7 2 0
-12.776509 10.889480 22.512124 8.251678 3 1 3
-12.776508 5.845127 16.420525 0.342628 4 1 1
-12.776508 5.845105 16.420498 0.342593 5 1 1
-12.776508 5.845105 16.420498 0.342593 6 1 1
-12.776508 5.845105 16.420498 0.342593 7 2 0
-12.776508 10.889480 22.512124 7.566492 4 1 1
-12.776508 10.889011 22.511559 7.565758 5 1 1
-12.776508 10.889011 22.511559 7.565758 6 1 1
-12.776508 10.889011 22.511559 7.565758 7 2 0
-12.776508 15.932896 28.602592 0.342629 4 1 1
-12.776508 15.932919 28.602619 0.342593 5 1 1
-12.776508 15.932919 28.602619 0.342593 6 1 1
-12.776508 15.932919 28.602619 0.342593 7 2 0
-26.390934 9.948625 -3.238807 29.113436 1 1 4
-34.675666 -0.897163 -5.835718 11.032080 2 1 4
-34.675671 -4.242661 -14.034803 6.640597 3 1 2
-34.675671 -4.242708 -7.943816 0.549610 4 1 1
-34.675671 -4.242708 -7.943743 0.549537 5 1 1
-34.675671 -4.242708 -7.943743 0.549537 6 1 1
-34.675671 -4.242708 -7.943743 0.549537 7 2 0
-34.675671 -4.242708 -14.034803 0.517569 4 1 1
-34.675671 -4.242708 -14.034803 0.517569 5 1 1
-34.675671 -4.242708 -14.034803 0.517569 6 1 1
-34.675671 -4.242708 -14.034803 0.517569 7 2 0
-34.675671 2.007289 -9.988172 6.881487 3 1 3
-34.675671 0.801198 -14.034803 2.658942 4 1 1
-34.675671 0.801198 -14.034803 2.658942 5 1 1
-34.675671 0.801198 -14.034803 2.658942 6 1 1
-34.675671 0.801198 -14.034803 2.658942 7 2 0
-34.675671 -1.720696 -7.943743 1.722691 4 1 1
-34.675671 -1.720755 -7.943743 1.722633 5 1 1
-34.675671 -1.720755 -7.943743 1.722633 6 1 1
-34.675671 -1.720755 -7.943743 1.722633 7 2 0
-34.675671 3.323152 -7.943743 3.187044 4 1 1
-34.675671 3.323152 -7.943743 3.187044 5 1 1
-34.675671 3.323152 -7.943743 3.187044 6 1 1
-34.675671 3.323152 -7.943743 3.187044 7 2 0
-27.495736 -1.775302 -7.943743 2.954405 3 1 3
-27.375950 -4.242708 -7.943743 0.375121 4 1 1
-27.375950 -4.242708 -7.943743 0.375121 5 1 1
-27.375950 -4.242708 -7.943743 0.375121 6 1 1
-27.375950 -4.242708 -7.943743 0.375121 7 2 0
-27.375950 0.801153 -7.943743 0.375167 4 1 1
-27.375950 0.801198 -7.943743 0.375121 5 1 1
-27.375950 0.801198 -7.943743 0.375121 6 1 1
-27.375950 0.801198 -7.943743 0.375121 7 2 0
-27.375950 -1.707372 -7.943743 2.160215 4 1 1
-27.375950 -1.720755 -7.943743 2.146832 5 1 1
-27.375950 -1.720755 -7.943743 2.146832 6 1 1
-27.375950 -1.720755 -7.943743 2.146832 7 2 0
-34.664906 5.403832 -1.861666 6.057415 3 1 2
-34.675671 5.845104 -1.852683 3.196581 4 1 1
-34.675671 5.845105 -1.852683 3.196581 5 1 1
-34.675671 5.845105 -1.852683 3.196581 6 1 1
-34.675671 5.845105 -1.852683 3.196581 7 2 0
-34.675671 0.801259 -1.852683 1.454821 4 1 1
-34.675671 0.801198 -1.852683 1.454761 5 1 1
-34.675671 0.801198 -1.852683 1.454761 6 1 1
-34.675671 0.801198 -1.852683 1.454761 7 2 0
-31.455335 8.988409 -13.280164 29.323046 2 1 4
-34.565016 1.098311 -20.125202 8.230678 3 1 3
-27.375987 -1.720740 -20.125864 3.329507 4 1 2
-27.375950 0.801098 -20.125864 0.807669 5 1 1
-27.375950 0.801198 -20.125864 0.807569 6 1 1
-27.375950 0.801198 -20.125864 0.807569 7 2 0
-27.375950 -1.720754 -20.125864 0.508644 5 1 1
-27.375950 -1.720755 -20.125864 0.508644 6 1 1
-27.375950 -1.720755 -20.125864 0.508644 7 2 0
-34.675671 5.845103 -20.125864 1.382351 4 1 1
-34.675671 5.845105 -20.125864 1.382350 5 1 1
-34.675671 5.845105 -20.125864 1.382350 6 1 1
-34.675671 5.845105 -20.125864 1.382350 7 2 0
-34.558719 0.793121 -20.125864 3.549348 4 1 1
-34.675671 0.801198 -20.125864 3.432118 5 1 1
-34.675671 0.801198 -20.125864 3.432118 6 1 1
-34.675671 0.801198 -20.125864 3.432118 7 2 0
-33.940139 10.009974 -15.422169 10.950481 3 1 4
-34.675671 8.367096 -20.125864 0.066554 4 1 1
-34.675671 8.367058 -20.125864 0.066515 5 1 1
-34.675671 8.367058 -20.125864 0.066515 6 1 1
-34.675671 8.367058 -20.125864 0.066515 7 2 0
-34.675671 15.931795 -20.125864 2.587345 4 1 2
-34.675671 15.932147 -20.125864 2.587697 5 1 1
-34.675671 13.410965 -20.125864 0.066515 6 1 1
-34.675671 13.410965 -20.125864 0.066515 7 2 0
-34.675671 15.932816 -20.125864 1.382452 5 1 1
-34.675671 15.932919 -20.125864 1.382350 6 1 1
-34.675671 15.932919 -20.125864 1.382350 7 2 0
-34.675671 8.367096 -7.943743 8.948172 4 1 3
-34.675671 15.931795 -7.943743 2.587345 5 1 1
-34.675671 13.410965 -7.943743 0.066515 6 1 1
-34.675671 13.410965 -7.943743 0.066515 7 2 0
-34.675671 8.367093 -7.943743 0.066550 5 1 1
-34.675671 8.367058 -7.943743 0.066515 6 1 1
-34.675671 8.367058 -7.943743 0.066515 7 2 0
-34.675671 15.932638 -7.943743 1.382631 5 1 1
-34.675671 15.932919 -7.943743 1.382350 6 1 1
-34.675671 15.932919 -7.943743 1.382350 7 2 0
-34.675671 10.936501 -13.977452 6.600462 4 1 1
-34.675671 10.889011 -14.034803 6.526001 5 1 1
-34.675671 10.889011 -14.034803 6.526001 6 1 1
-34.675671 10.889011 -14.034803 6.526001 7 2 0
-27.375963 5.652074 -14.058728 10.354368 3 1 3
-27.375950 5.845105 -20.125864 4.236338 4 1 1
-27.375950 5.845105 -20.125864 4.236338 5 1 1
-27.375950 5.845105 -20.125864 4.236338 6 1 1
-27.375950 5.845105 -20.125864 4.236338 7 2 0
-27.375950 3.322297 -14.034747 8.340435 4 1 2
-27.375950 4.120371 -14.034803 7.542360 5 1 3
-27.375950 4.120371 -14.034803 1.890509 6 1 1
-27.375950 5.845105 -14.034803 0.165775 7 2 0
-27.375950 8.896783 -14.034803 2.765948 6 1 2
-27.375950 8.367058 -14.034803 1.197093 7 2 0
-27.375950 10.889011 -14.034803 0.773720 7 2 0
-27.375950 3.323152 -14.034803 2.356178 6 1 1
-27.375950 3.323152 -14.034803 2.356178 7 2 0
-27.375950 0.801239 -14.034803 0.165816 5 1 1
-27.375950 0.801198 -14.034803 0.165775 6 1 1
-27.375950 0.801198 -14.034803 0.165775 7 2 0
-27.375950 5.930291 -8.113773 4.426514 4 1 1
-27.375950 5.845105 -7.943743 4.236338 5 1 1
-27.375950 5.845105 -7.943743 4.236338 6 1 1
-27.375950 5.845105 -7.943743 4.236338 7 2 0
-23.969369 14.865954 -12.733037 21.518745 3 1 4
-27.375950 13.410965 -20.125864 3.310014 4 1 1
-27.375950 13.410965 -20.125864 3.310014 5 1 1
-27.375950 13.410965 -20.125864 3.310014 6 1 1
-27.375950 13.410965 -20.125864 3.310014 7 2 0
-25.581258 14.530697 -18.918502 7.735478 4 1 3
-20.505594 11.037363 -19.767592 2.438689 5 1 2
-20.076229 10.889011 -20.125864 2.522057 6 1 1
-20.076229 13.410965 -20.125864 0.000103 7 2 0
-20.076229 10.889011 -20.125864 0.441336 6 1 1
-20.076229 10.889011 -20.125864 0.441336 7 2 0
-27.375950 15.932919 -14.034803 2.697089 5 1 1
-27.375950 13.410965 -14.034803 0.175135 6 1 1
-27.375950 13.410965 -14.034803 0.175135 7 2 0
-27.375950 15.932919 -14.034803 2.346818 5 1 1
-27.375950 15.932919 -14.034803 2.346818 6 1 1
-27.375950 15.932919 -14.034803 2.346818 7 2 0
-27.356604 13.404288 -7.972705 7.913908 4 1 2
-20.076268 10.889025 -7.943743 0.211265 5 1 1
-20.076229 10.889011 -7.943743 0.211224 6 1 1
-20.076229 10.889011 -7.943743 0.211224 7 2 0
-27.375950 13.410965 -7.943743 3.310014 5 1 1
-27.375950 13.410965 -7.943743 3.310014 6 1 1
-27.375950 13.410965 -7.943743 3.310014 7 2 0
-17.218105 15.932909 -15.227249 14.296850 4 1 4
-20.076229 15.932629 -20.125515 2.522304 5 1 1
-20.076229 15.932919 -20.125864 2.521851 6 1 1
-20.076229 15.932919 -20.125864 2.521851 7 2 0
-20.076229 15.932919 -17.080334 5.567381 5 1 1
-20.076229 15.932919 -14.034803 2.521851 6 1 1
-20.076229 15.932919 -14.034803 2.521851 7 2 0
-20.076201 10.889021 -14.034815 2.522047 5 1 2
-20.076229 10.889011 -14.034803 2.522057 6 1 1
-20.076229 13.410965 -14.034803 0.000103 7 2 0
-20.076229 10.889011 -14.034803 0.097242 6 1 1
-20.076229 10.889011 -14.034803 0.097242 7 2 0
-5.476788 15.932919 -20.125864 1.574627 5 1 1
-5.476788 15.932919 -20.125864 1.574627 6 1 1
-5.476788 15.932919 -20.125864 1.574627 7 2 0
-26.203898 2.926473 1.941724 10.557140 2 1 4
-34.675634 0.801219 4.238346 6.350947 3 1 3
-34.675671 4.525468 4.238377 2.296554 4 1 1
-34.675671 3.323152 4.238377 1.094237 5 1 1
-34.675671 3.323152 4.238377 1.094237 6 1 1
-34.675671 3.323152 4.238377 1.094237 7 2 0
-34.675671 0.801201 4.238377 0.716778 4 1 1
-34.675671 0.801198 4.238377 0.716775 5 1 1
-34.675671 0.801198 4.238377 0.716775 6 1 1
-34.675671 0.801198 4.238377 0.716775 7 2 0
-34.675671 4.912436 4.238377 2.239730 4 1 1
-34.675671 5.845105 4.238377 1.307061 5 1 1
-34.675671 5.845105 4.238377 1.307061 6 1 1
-34.675671 5.845105 4.238377 1.307061 7 2 0
-29.286614 3.736859 -0.258380 4.669904 3 1 3
-27.375950 0.801198 -1.852683 0.374665 4 1 1
-27.375950 0.801198 -1.852683 0.374665 5 1 1
-27.375950 0.801198 -1.852683 0.374665 6 1 1
-27.375950 0.801198 -1.852683 0.374665 7 2 0
-27.375950 5.845055 -1.852683 0.342643 4 1 1
-27.375950 5.845105 -1.852683 0.342593 5 1 1
-27.375950 5.845105 -1.852683 0.342593 6 1 1
-27.375950 5.845105 -1.852683 0.342593 7 2 0
-27.375950 3.309826 -1.852683 2.160614 4 1 1
-27.375950 3.323152 -1.852683 2.147288 5 1 1
-27.375950 3.323152 -1.852683 2.147288 6 1 1
-27.375950 3.323152 -1.852683 2.147288 7 2 0
-27.375950 0.801198 4.238377 2.345347 3 1 1
-27.375950 0.801198 4.238377 2.345347 4 1 1
-27.375950 0.801198 4.238377 2.345347 5 1 1
-27.375950 0.801198 4.238377 2.345347 6 1 1
-27.375950 0.801198 4.238377 2.345347 7 2 0
-27.375950 0.816872 4.219450 2.506453 3 1 1
-27.375950 3.323152 4.238377 0.000102 4 1 1
-27.375950 3.323152 4.238377 0.000102 5 1 1
-27.375950 3.323152 4.238377 0.000102 6 1 1
-27.375950 3.323152 4.238377 0.000102 7 2 0
-26.003247 11.593148 3.848255 17.877174 2 1 4
-34.675669 14.508456 -1.850559 7.560400 3 1 4
-34.675671 10.889011 -1.852683 1.847326 4 1 1
-34.675671 10.889011 -1.852683 1.847326 5 1 1
-34.675671 10.889011 -1.852683 1.847326 6 1 1
-34.675671 10.889011 -1.852683 1.847326 7 2 0
-34.675671 15.932919 -1.852683 2.521851 4 1 1
-34.675671 15.932919 -1.852683 2.521851 5 1 1
-34.675671 15.932919 -1.852683 2.521851 6 1 1
-34.675671 15.932919 -1.852683 2.521851 7 2 0
-34.675671 10.890571 -1.848919 2.520500 4 1 1
-34.675671 13.410965 -1.852683 0.000103 5 1 1
-34.675671 13.410965 -1.852683 0.000103 6 1 1
-34.675671 13.410965 -1.852683 0.000103 7 2 0
-34.675671 15.932919 4.238317 2.679289 4 1 2
-34.675671 13.410965 4.238377 0.157336 5 1 1
-34.675671 13.410965 4.238377 0.157336 6 1 1
-34.675671 13.410965 4.238377 0.157336 7 2 0
-34.675671 15.932919 4.238377 1.307062 5 1 1
-34.675671 15.932919 4.238377 1.307062 6 1 1
-34.675671 15.932919 4.238377 1.307062 7 2 0
-27.507620 11.254740 3.538159 13.846004 3 1 4
-34.675671 8.367058 4.238377 0.157336 4 1 1
-34.675671 8.367058 4.238377 0.157336 5 1 1
-34.675671 8.367058 4.238377 0.157336 6 1 1
-34.675671 8.367058 4.238377 0.157336 7 2 0
-28.020566 15.264800 -1.314800 10.511624 4 1 3
-20.076229 10.889012 -1.852683 6.592618 5 1 1
-20.076229 13.410965 -7.943743 0.000103 6 1 1
-20.076229 13.410965 -7.943743 0.000103 7 2 0
-27.375950 15.932919 -1.852683 0.342593 5 1 1
-27.375950 15.932919 -1.852683 0.342593 6 1 1
-27.375950 15.932919 -1.852683 0.342593 7 2 0
-20.076229 10.889011 -1.852683 0.856613 5 1 1
-20.076229 10.889011 -1.852683 0.856613 6 1 1
-20.076229 10.889011 -1.852683 0.856613 7 2 0
-27.365370 10.889011 4.229549 7.579537 4 1 1
-27.375950 10.889011 4.238377 7.565758 5 1 1
-27.375950 10.889011 4.238377 7.565758 6 1 1
-27.375950 10.889011 4.238377 7.565758 7 2 0
-27.375950 15.932899 10.329414 0.342624 4 1 1
-27.375950 15.932919 10.329437 0.342593 5 1 1
-27.375950 15.932919 10.329437 0.342593 6 1 1
-27.375950 15.932919 10.329437 0.342593 7 2 0
-20.076268 8.498694 9.707434 5.627976 3 1 3
-20.076229 8.367058 4.238377 0.157336 4 1 1
-20.076229 8.367058 4.238377 0.157336 5 1 1
-20.076229 8.367058 4.238377 0.157336 6 1 1
-20.076229 8.367058 4.238377 0.157336 7 2 0
-20.076229 8.367058 10.329437 2.270257 4 1 1
-20.076229 8.367058 10.329437 2.270257 5 1 1
-20.076229 8.367058 10.329437 2.270257 6 1 1
-20.076229 8.367058 10.329437 2.270257 7 2 0
-20.076229 10.888969 10.329437 2.522099 4 1 2
-20.076229 10.889011 10.329437 2.522057 5 1 1
-20.076229 13.410965 10.329437 0.000103 6 1 1
-20.076229 13.410965 10.329437 0.000103 7 2 0
-20.076229 10.889011 10.329437 0.251697 5 1 1
-20.076229 10.889011 10.329437 0.251697 6 1 1
-20.076229 10.889011 10.329437 0.251697 7 2 0
-17.758767 15.932723 6.181843 16.836277 3 1 4
-20.076229 15.932918 -4.898212 5.567382 4 1 1
-20.076229 15.932919 -7.943743 2.521851 5 1 1
-20.076229 15.932919 -7.943743 2.521851 6 1 1
-20.076229 15.932919 -7.943743 2.521851 7 2 0
-20.076229 15.932632 -4.302599 4.971766 4 1 2
-20.076229 15.932919 -1.852683 2.522057 5 1 1
-20.076229 13.410965 -1.852683 0.000103 6 1 1
-20.076229 13.410965 -1.852683 0.000103 7 2 0
-20.076229 15.932919 -1.852683 2.521851 5 1 1
-20.076229 15.932919 -1.852683 2.521851 6 1 1
-20.076229 15.932919 -1.852683 2.521851 7 2 0
-16.426865 15.932612 10.328608 8.406975 4 1 2
-20.076229 13.410981 4.238412 3.828999 5 1 2
-20.076229 13.411013 4.238377 0.157384 6 1 1
-20.076229 13.410965 4.238377 0.157336 7 2 0
-20.076229 15.932919 4.238377 1.307062 6 1 1
-20.076229 15.932919 4.238377 1.307062 7 2 0
-20.076229 15.932919 9.585028 3.266260 5 1 1
-20.076229 15.932919 10.329437 2.521851 6 1 1
-20.076229 15.932919 10.329437 2.521851 7 2 0
-16.426422 15.932919 10.329347 6.171764 4 1 2
-12.776508 15.932919 10.329437 2.522057 5 1 1
-12.776508 13.410965 10.329437 0.000103 6 1 1
-12.776508 13.410965 10.329437 0.000103 7 2 0
-12.776508 15.932919 10.329437 2.521851 5 1 1
-12.776508 15.932919 10.329437 2.521851 6 1 1
-12.776508 15.932919 10.329437 2.521851 7 2 0
10.333014 -2.081027 0.758081 31.887363 1 1 4
9.122683 11.961250 -20.122981 9.900917 2 1 4
9.122654 6.312805 -20.125864 3.233522 3 1 2
9.122654 3.323201 -20.125864 0.243918 4 1 1
9.122654 3.323152 -20.125864 0.243869 5 1 1
9.122654 3.323152 -20.125864 0.243869 6 1 1
9.122654 3.323152 -20.125864 0.243869 7 2 0
9.122654 5.845102 -20.125864 1.561061 4 1 1
9.122654 5.845105 -20.125864 1.561058 5 1 1
9.122654 5.845105 -20.125864 1.561058 6 1 1
9.122654 5.845105 -20.125864 1.561058 7 2 0
9.122654 13.410965 -20.125864 2.639996 3 1 1
9.122654 13.410965 -20.125864 2.639996 4 1 1
9.122654 13.410965 -20.125864 2.639996 5 1 1
9.122654 13.410965 -20.125864 2.639996 6 1 1
9.122654 13.410965 -20.125864 2.639996 7 2 0
9.122665 6.312820 -20.125864 3.015133 3 1 1
9.122654 8.367058 -20.125864 0.960895 4 1 1
9.122654 8.367058 -20.125864 0.960895 5 1 1
9.122654 8.367058 -20.125864 0.960895 6 1 1
9.122654 8.367058 -20.125864 0.960895 7 2 0
16.422314 15.932897 -20.125864 1.590768 3 1 1
16.422375 15.932919 -20.125864 1.590703 4 1 1
16.422375 15.932919 -20.125864 1.590703 5 1 1
16.422375 15.932919 -20.125864 1.590703 6 1 1
16.422375 15.932919 -20.125864 1.590703 7 2 0
16.498900 8.429983 -14.311759 13.481414 2 1 4
9.122654 5.839724 -7.956739 6.799218 3 1 2
9.122654 3.323169 -14.034762 0.220814 4 1 1
9.122654 3.323152 -14.034803 0.220769 5 1 1
9.122654 3.323152 -14.034803 0.220769 6 1 1
9.122654 3.323152 -14.034803 0.220769 7 2 0
9.122654 5.845105 -7.943743 1.713672 4 1 1
9.122654 5.845105 -7.943743 1.713672 5 1 1
9.122654 5.845105 -7.943743 1.713672 6 1 1
9.122654 5.845105 -7.943743 1.713672 7 2 0
9.122689 8.367073 -7.943766 0.808326 3 1 1
9.122654 8.367058 -7.943743 0.808282 4 1 1
9.122654 8.367058 -7.943743 0.808282 5 1 1
9.122654 8.367058 -7.943743 0.808282 6 1 1
9.122654 8.367058 -7.943743 0.808282 7 2 0
16.532606 8.241012 -14.119258 12.564318 3 1 4
16.422396 -0.183827 -18.491452 5.924371 4 1 2
16.422375 0.379740 -20.125864 3.031745 5 1 2
16.422375 -1.720682 -20.125864 0.931323 6 1 1
16.422375 -1.720755 -20.125864 0.931251 7 2 0
16.422375 0.801196 -20.125864 1.590705 6 1 1
16.422375 0.801198 -20.125864 1.590702 7 2 0
16.422375 -1.720755 -14.034828 1.210176 5 1 1
16.422375 -1.720755 -14.034803 1.210152 6 1 1
16.422375 -1.720755 -14.034803 1.210152 7 2 0
16.422375 8.367058 -14.034803 8.122343 4 1 1
16.422375 8.367058 -14.034803 8.122343 5 1 1
16.422375 8.367058 -14.034803 8.122343 6 1 1
16.422375 8.367058 -14.034803 8.122343 7 2 0
19.614577 2.452643 -19.101853 7.138532 4 1 1
23.722095 5.845105 -20.125864 1.713672 5 1 1
23.722095 5.845105 -20.125864 1.713672 6 1 1
23.722095 5.845105 -20.125864 1.713672 7 2 0
16.491637 8.343129 -14.090333 10.278271 4 1 1
23.722095 5.845105 -7.943743 0.465003 5 1 1
23.722095 5.845105 -7.943743 0.465003 6 1 1
23.722095 5.845105 -7.943743 0.465003 7 2 0
23.722092 14.093923 -14.034804 9.745363 3 1 4
23.722095 8.367111 -20.125845 0.808338 4 1 1
23.722095 8.367058 -20.125864 0.808281 5 1 1
23.722095 8.367058 -20.125864 0.808281 6 1 1
23.722095 8.367058 -20.125864 0.808281 7 2 0
23.722095 13.410965 -20.125863 2.639997 4 1 1
23.722095 13.410965 -20.125864 2.639996 5 1 1
23.722095 13.410965 -20.125864 2.639996 6 1 1
23.722095 13.410965 -20.125864 2.639996 7 2 0
23.722095 12.774797 -7.944394 5.792601 4 1 2
23.722095 13.410964 -7.943743 2.639997 5 1 1
23.722095 13.410965 -7.943743 2.639996 6 1 1
23.722095 13.410965 -7.943743 2.639996 7 2 0
23.722095 8.367118 -7.943743 1.384922 5 1 1
23.722095 8.367058 -7.943743 1.384861 6 1 1
23.722095 8.367058 -7.943743 1.384861 7 2 0
23.722095 15.932918 -14.034801 2.653011 4 1 2
23.722095 13.411002 -14.034803 0.131095 5 1 1
23.722095 13.410965 -14.034803 0.131059 6 1 1
23.722095 13.410965 -14.034803 0.131059 7 2 0
23.722095 15.932919 -14.034803 2.390895 5 1 1
23.722095 15.932919 -14.034803 2.390895 6 1 1
23.722095 15.932919 -14.034803 2.390895 7 2 0
10.456960 -4.242704 8.873813 13.722880 2 1 4
9.122657 3.309785 4.238451 2.883252 3 1 1
9.122654 0.801198 4.238377 0.374665 4 1 1
9.122654 0.801198 4.238377 0.374665 5 1 1
9.122654 0.801198 4.238377 0.374665 6 1 1
9.122654 0.801198 4.238377 0.374665 7 2 0
9.122654 3.309806 4.238426 2.160634 3 1 1
9.122654 3.323152 4.238377 2.147288 4 1 1
9.122654 3.323152 4.238377 2.147288 5 1 1
9.122654 3.323152 4.238377 2.147288 6 1 1
9.122654 3.323152 4.238377 2.147288 7 2 0
10.101787 -4.242707 9.512453 13.055945 3 1 4
9.122656 -4.242708 22.511529 0.020046 4 1 1
9.122654 -4.242708 22.511559 0.020016 5 1 1
9.122654 -4.242708 22.511559 0.020016 6 1 1
9.122654 -4.242708 22.511559 0.020016 7 2 0
9.122654 -4.242708 10.329437 1.456661 4 1 1
9.122654 -4.242708 10.329437 1.456661 5 1 1
9.122654 -4.242708 10.329437 1.456661 6 1 1
9.122654 -4.242708 10.329437 1.456661 7 2 0
16.422252 -4.242708 4.238683 2.820161 4 1 2
16.422375 -4.242708 4.238377 0.782325 5 1 1
16.422375 -4.242708 4.238377 0.782324 6 1 1
16.422375 -4.242708 4.238377 0.782324 7 2 0
16.422375 -1.720817 4.238377 0.298271 5 1 1
16.422375 -1.720755 4.238377 0.298208 6 1 1
16.422375 -1.720755 4.238377 0.298208 7 2 0
16.422375 -1.720755 7.737841 2.921204 4 1 1
16.422375 -1.720755 10.329437 0.329608 5 1 1
16.422375 -1.720755 10.329437 0.329608 6 1 1
16.422375 -1.720755 10.329437 0.329608 7 2 0
9.225649 0.806675 10.318586 8.080437 3 1 4
9.122654 -1.720755 10.329437 0.071966 4 1 1
9.122654 -1.720755 10.329437 0.071966 5 1 1
9.122654 -1.720755 10.329437 0.071966 6 1 1
9.122654 -1.720755 10.329437 0.071966 7 2 0
9.122654 0.801198 10.329437 2.449987 4 1 1
9.122654 0.801198 10.329437 2.449987 5 1 1
9.122654 0.801198 10.329437 2.449987 6 1 1
9.122654 0.801198 10.329437 2.449987 7 2 0
16.371406 0.783606 10.329437 0.429681 4 1 1
16.422375 0.801198 10.329437 0.375762 5 1 1
16.422375 0.801198 10.329437 0.375762 6 1 1
16.422375 0.801198 10.329437 0.375762 7 2 0
16.422375 3.323152 10.329437 0.456420 4 1 1
16.422375 3.323152 10.329437 0.456420 5 1 1
16.422375 3.323152 10.329437 0.456420 6 1 1
16.422375 3.323152 10.329437 0.456420 7 2 0
16.891864 4.840057 -0.681567 12.393658 2 1 4
15.588775 -1.171128 -7.250497 8.713334 3 1 3
9.122654 3.323152 -7.943743 0.808282 4 1 1
9.122654 3.323152 -7.943743 0.808282 5 1 1
9.122654 3.323152 -7.943743 0.808282 6 1 1
9.122654 3.323152 -7.943743 0.808282 7 2 0
16.422375 -1.751041 -7.870595 7.110116 4 1 1
16.422375 -4.242708 -1.852683 0.596771 5 1 1
16.422375 -4.242708 -1.852683 0.596771 6 1 1
16.422375 -4.242708 -1.852683 0.596771 7 2 0
16.422371 -1.751039 -7.870595 2.674671 4 1 1
16.422375 -1.720755 -7.943743 2.595501 5 1 1
16.422375 -1.720755 -7.943743 2.595501 6 1 1
16.422375 -1.720755 -7.943743 2.595501 7 2 0
16.258172 2.468487 -2.915955 8.479643 3 1 3
9.122654 3.323152 -1.852683 1.214891 4 1 1
9.122654 3.323152 -1.852683 1.214891 5 1 1
9.122654 3.323152 -1.852683 1.214891 6 1 1
9.122654 3.323152 -1.852683 1.214891 7 2 0
16.422375 -1.720709 -1.852683 0.675181 4 1 1
16.422375 -1.720755 -1.852683 0.675136 5 1 1
16.422375 -1.720755 -1.852683 0.675136 6 1 1
16.422375 -1.720755 -1.852683 0.675136 7 2 0
16.422375 3.323152 -1.852683 5.044009 4 1 2
16.422375 3.323152 -1.852683 5.044009 5 1 1
16.422375 8.367058 -1.852683 0.000103 6 1 1
16.422375 8.367058 -1.852683 0.000103 7 2 0
16.422375 3.323152 -1.852683 4.368771 5 1 1
16.422375 3.323152 -1.852683 4.368771 6 1 1
16.422375 3.323152 -1.852683 4.368771 7 2 0
16.422375 0.646920 3.963791 5.457129 3 1 2
16.422375 4.270085 4.238377 1.826716 4 1 2
16.422375 3.323178 4.238377 0.298234 5 1 1
16.422375 3.323152 4.238377 0.298208 6 1 1
16.422375 3.323152 4.238377 0.298208 7 2 0
16.422375 5.845032 4.238377 0.251769 5 1 1
16.422375 5.845105 4.238377 0.251696 6 1 1
16.422375 5.845105 4.238377 0.251696 7 2 0
16.422375 0.801198 4.238377 2.223745 4 1 1
16.422375 0.801198 4.238377 2.223745 5 1 1
16.422375 0.801198 4.238377 2.223745 6 1 1
16.422375 0.801198 4.238377 2.223745 7 2 0
23.713424 10.882432 -1.845447 2.661178 3 1 2
23.722095 10.889011 -1.852683 2.376176 4 1 1
23.722095 10.889011 -1.852683 2.376176 5 1 1
23.722095 10.889011 -1.852683 2.376176 6 1 1
23.722095 10.889011 -1.852683 2.376176 7 2 0
23.722095 8.367097 -1.852683 0.145817 4 1 1
23.722095 8.367058 -1.852683 0.145778 5 1 1
23.722095 8.367058 -1.852683 0.145778 6 1 1
23.722095 8.367058 -1.852683 0.145778 7 2 0
6.430496 10.057902 6.137177 29.716963 1 1 4
0.665716 12.719948 -11.305122 11.840453 2 1 3
-5.476757 15.932908 -14.034829 0.242674 3 1 1
-5.476788 15.932919 -14.034803 0.242633 4 1 1
-5.476788 15.932919 -14.034803 0.242633 5 1 1
-5.476788 15.932919 -14.034803 0.242633 6 1 1
-5.476788 15.932919 -14.034803 0.242633 7 2 0
1.820261 14.448295 -17.620489 6.402734 3 1 2
1.822933 13.410965 -20.125864 2.842811 4 1 1
1.822933 13.410965 -20.125864 2.842811 5 1 1
1.822933 13.410965 -20.125864 2.842811 6 1 1
1.822933 13.410965 -20.125864 2.842811 7 2 0
1.822933 15.932919 -14.034803 2.522057 4 1 2
1.822933 15.932919 -14.034803 2.522057 5 1 1
1.822933 13.410965 -14.034803 0.000103 6 1 1
1.822933 13.410965 -14.034803 0.000103 7 2 0
1.822933 15.932919 -14.034803 2.521851 5 1 1
1.822933 15.932919 -14.034803 2.521851 6 1 1
1.822933 15.932919 -14.034803 2.521851 7 2 0
5.874180 15.929854 -11.324199 7.495837 3 1 4
1.822933 13.410968 -7.943743 0.302490 4 1 1
1.822933 13.410965 -7.943743 0.302487 5 1 1
1.822933 13.410965 -7.943743 0.302487 6 1 1
1.822933 13.410965 -7.943743 0.302487 7 2 0
1.822933 15.932919 -7.943743 2.219466 4 1 1
1.822933 15.932919 -7.943743 2.219466 5 1 1
1.822933 15.932919 -7.943743 2.219466 6 1 1
1.822933 15.932919 -7.943743 2.219466 7 2 0
9.122654 13.411005 -14.034803 0.131099 4 1 1
9.122654 13.410965 -14.034803 0.131059 5 1 1
9.122654 13.410965 -14.034803 0.131059 6 1 1
9.122654 13.410965 -14.034803 0.131059 7 2 0
9.122654 15.932919 -14.034803 2.390895 4 1 1
9.122654 15.932919 -14.034803 2.390895 5 1 1
9.122654 15.932919 -14.034803 2.390895 6 1 1
9.122654 15.932919 -14.034803 2.390895 7 2 0
4.165355 13.414941 -2.898748 22.267752 2 1 4
9.118567 8.368528 -1.849243 10.757034 3 1 2
1.822933 10.889011 4.238377 2.522057 4 1 2
1.822933 10.889011 4.238377 2.522057 5 1 1
1.822933 13.410965 4.238377 0.000103 6 1 1
1.822933 13.410965 4.238377 0.000103 7 2 0
1.822933 10.889011 4.238377 0.316614 5 1 1
1.822933 10.889011 4.238377 0.316614 6 1 1
1.822933 10.889011 4.238377 0.316614 7 2 0
9.122654 8.367058 -1.852683 3.829015 4 1 1
9.122654 8.367058 -1.852683 3.829015 5 1 1
9.122654 8.367058 -1.852683 3.829015 6 1 1
9.122654 8.367058 -1.852683 3.829015 7 2 0
6.677878 14.248477 -5.903764 8.638041 3 1 3
1.822933 13.411017 -1.852683 0.427594 4 1 1
1.822933 13.410965 -1.852683 0.427542 5 1 1
1.822933 13.410965 -1.852683 0.427542 6 1 1
1.822933 13.410965 -1.852683 0.427542 7 2 0
1.822936 15.932918 -1.852685 2.094414 4 1 1
1.822933 15.932919 -1.852683 2.094411 5 1 1
1.822933 15.932919 -1.852683 2.094411 6 1 1
1.822933 15.932919 -1.852683 2.094411 7 2 0
9.122641 13.410965 -7.943732 2.640013 4 1 1
9.122654 13.410965 -7.943743 2.639996 5 1 1
9.122654 13.410965 -7.943743 2.639996 6 1 1
9.122654 13.410965 -7.943743 2.639996 7 2 0
14.198558 11.875675 -1.851636 12.873613 3 1 2
16.422381 15.932901 -7.943694 1.548764 4 1 1
16.422375 15.932919 -7.943743 1.548712 5 1 1
16.422375 15.932919 -7.943743 1.548712 6 1 1
16.422375 15.932919 -7.943743 1.548712 7 2 0
17.233401 13.691193 -1.852754 9.386869 4 1 2
16.422376 13.410965 -1.852683 5.043805 5 1 1
16.422375 13.410965 -1.852683 5.043804 6 1 1
16.422375 13.410965 -1.852683 5.043804 7 2 0
23.722039 15.932899 -1.852683 2.522037 5 1 2
23.722095 15.932919 -1.852683 2.522057 6 1 1
23.722095 13.410965 -1.852683 0.000103 7 2 0
23.722095 15.932919 -1.852683 2.521851 6 1 1
23.722095 15.932919 -1.852683 2.521851 7 2 0
11.904686 15.932888 -0.404399 13.621270 3 1 1
5.472794 15.932919 1.192847 7.275453 4 1 2
1.822987 15.932919 4.238332 2.521921 5 1 1
1.822933 15.932919 4.238377 2.521851 6 1 1
1.822933 15.932919 4.238377 2.521851 7 2 0
9.122600 15.932919 -1.852638 2.522057 5 1 2
9.122654 15.932919 -1.852683 2.522057 6 1 1
9.122654 13.410965 -1.852683 0.000103 7 2 0
9.122654 15.932919 -1.852683 2.521851 6 1 1
9.122654 15.932919 -1.852683 2.521851 7 2 0
4.759711 4.549880 17.565384 21.394583 2 1 4
-5.476788 0.801243 22.511555 8.160021 3 1 3
-5.476788 3.400931 22.511559 1.992859 4 1 1
-5.476788 3.323152 22.511559 1.915079 5 1 1
-5.476788 3.323152 22.511559 1.915079 6 1 1
-5.476788 3.323152 22.511559 1.915079 7 2 0
-5.476788 0.801237 22.511605 0.171764 4 1 1
-5.476788 0.801198 22.511559 0.171704 5 1 1
-5.476788 0.801198 22.511559 0.171704 6 1 1
-5.476788 0.801198 22.511559 0.171704 7 2 0
-5.476788 3.406297 22.524931 6.800442 4 1 2
-5.476788 5.845105 22.511559 0.606874 5 1 1
-5.476788 5.845105 22.511559 0.606874 6 1 1
-5.476788 5.845105 22.511559 0.606874 7 2 0
-5.476788 5.845105 28.602563 0.251752 5 1 1
-5.476788 5.845105 28.602619 0.251696 6 1 1
-5.476788 5.845105 28.602619 0.251696 7 2 0
-3.483257 10.345491 17.686025 11.259801 3 1 4
-12.675513 15.793371 16.420498 0.514854 4 1 1
-12.776508 15.932919 16.420498 0.342593 5 1 1
-12.776508 15.932919 16.420498 0.342593 6 1 1
-12.776508 15.932919 16.420498 0.342593 7 2 0
-5.489229 14.305661 16.420498 6.519122 4 1 2
-5.476788 10.823419 16.420498 3.036868 5 1 2
-5.476788 10.889011 16.420498 1.941447 6 1 1
-5.476788 10.889011 16.420498 1.941447 7 2 0
-5.476788 8.367116 16.420498 0.580565 6 1 1
-5.476788 8.367058 16.420498 0.580507 7 2 0
-5.476788 15.932903 16.420498 2.522041 5 1 2
-5.476788 15.932919 16.420498 2.522057 6 1 1
-5.476788 13.410965 16.420498 0.000103 7 2 0
-5.476788 15.932919 16.420498 2.521851 6 1 1
-5.476788 15.932919 16.420498 2.521851 7 2 0
1.820300 5.847847 16.411975 7.379712 4 1 3
1.633677 5.845105 10.487357 0.523202 5 1 1
1.822933 5.845105 10.329437 0.276714 6 1 1
1.822933 5.845105 10.329437 0.276714 7 2 0
1.822933 5.845105 16.420498 7.382340 5 1 2
1.822016 5.845105 16.420498 7.381423 6 1 1
-5.476788 5.845105 16.420498 0.082619 7 2 0
1.822732 5.845105 16.420498 2.310039 6 1 1
1.822933 5.845105 16.420498 2.309838 7 2 0
1.822933 10.702433 16.420498 2.547491 5 1 2
1.822933 10.889011 16.420498 0.492548 6 1 1
1.822933 10.889011 16.420498 0.492548 7 2 0
1.822933 8.367120 16.420498 0.212178 6 1 1
1.822933 8.367058 16.420498 0.212115 7 2 0
-5.106615 15.672970 22.202677 7.479138 4 1 2
-5.476788 10.889056 22.511559 2.679334 5 1 2
-5.476788 13.410887 22.511559 0.157413 6 1 1
-5.476788 13.410965 22.511559 0.157336 7 2 0
-5.476788 8.367135 22.511559 0.157413 6 1 1
-5.476788 8.367058 22.511559 0.157336 7 2 0
-5.476788 15.932919 22.511559 1.307062 5 1 1
-5.476788 15.932919 22.511559 1.307062 6 1 1
-5.476788 15.932919 22.511559 1.307062 7 2 0
7.345196 1.400945 17.907563 9.409594 3 1 4
1.822933 0.801198 22.511559 0.554606 4 1 1
1.822933 0.801198 22.511559 0.554606 5 1 1
1.822933 0.801198 22.511559 0.554606 6 1 1
1.822933 0.801198 22.511559 0.554606 7 2 0
1.822933 3.323152 22.503934 6.295551 4 1 2
1.822933 3.323152 16.420537 0.212155 5 1 1
1.822933 3.323152 16.420498 0.212115 6 1 1
1.822933 3.323152 16.420498 0.212115 7 2 0
1.822933 3.323152 22.511559 1.967347 5 1 1
1.822933 3.323152 22.511559 1.967347 6 1 1
1.822933 3.323152 22.511559 1.967347 7 2 0
9.122654 0.799705 16.424887 6.830737 4 1 3
9.122654 0.809577 16.420498 6.589417 5 1 3
9.122654 3.323152 10.329437 0.000102 6 1 1
9.122654 3.323152 10.329437 0.000102 7 2 0
9.122654 0.801198 16.420498 2.891154 6 1 1
9.122654 0.801198 16.420498 2.891154 7 2 0
9.122654 5.845105 16.420498 0.342593 6 1 1
9.122654 5.845105 16.420498 0.342593 7 2 0
9.122654 -1.720755 22.511559 0.242848 5 1 1
9.122654 -1.720755 22.511559 0.242848 6 1 1
9.122654 -1.720755 22.511559 0.242848 7 2 0
9.122654 0.801199 22.511525 0.145940 5 1 1
9.122654 0.801198 22.511559 0.145906 6 1 1
9.122654 0.801198 22.511559 0.145906 7 2 0
9.122644 8.099322 21.951486 4.954757 4 1 3
9.122654 3.326153 22.511559 0.148862 5 1 1
9.122654 3.323152 22.511559 0.145861 6 1 1
9.122654 3.323152 22.511559 0.145861 7 2 0
9.122654 3.326205 22.511559 2.534364 5 1 1
9.122654 5.845105 22.511559 0.015464 6 1 1
9.122654 5.845105 22.511559 0.015464 7 2 0
9.122654 8.367058 22.511559 0.733108 5 1 1
9.122654 8.367058 22.511559 0.733108 6 1 1
9.122654 8.367058 22.511559 0.733108 7 2 0
1.082799 11.396993 23.618790 11.926176 3 1 4
-5.476788 8.370490 28.602619 2.770218 4 1 2
-5.476788 8.367058 28.602619 2.270257 5 1 1
-5.476788 8.367058 28.602619 2.270257 6 1 1
-5.476788 8.367058 28.602619 2.270257 7 2 0
-5.476788 10.888969 28.602619 0.251739 5 1 1
-5.476788 10.889011 28.602619 0.251696 6 1 1
-5.476788 10.889011 28.602619 0.251696 7 2 0
-5.476749 15.932892 28.602587 2.522030 4 1 2
-5.476788 15.932919 28.602619 2.522057 5 1 1
-5.476788 13.410965 28.602619 0.000103 6 1 1
-5.476788 13.410965 28.602619 0.000103 7 2 0
-5.476788 15.932919 28.602619 2.521851 5 1 1
-5.476788 15.932919 28.602619 2.521851 6 1 1
-5.476788 15.932919 28.602619 2.521851 7 2 0
2.022026 10.889011 22.515591 8.801838 4 1 2
1.822933 10.889011 22.511559 5.598513 5 1 1
1.822933 10.889011 22.511559 5.598513 6 1 1
1.822933 10.889011 22.511559 5.598513 7 2 0
9.122605 10.889011 22.511559 1.701256 5 1 1
9.122654 10.889011 22.511559 1.701208 6 1 1
9.122654 10.889011 22.511559 1.701208 7 2 0
1.822930 15.930966 28.602618 5.534502 4 1 2
1.822933 11.075587 28.602619 2.547494 5 1 2
1.822933 10.889011 28.602619 0.492548 6 1 1
1.822933 10.889011 28.602619 0.492548 7 2 0
1.822933 13.410899 28.602619 0.212182 6 1 1
1.822933 13.410965 28.602619 0.212116 7 2 0
1.822933 15.932919 28.602619 2.309838 5 1 1
1.822933 15.932919 28.602619 2.309838 6 1 1
1.822933 15.932919 28.602619 2.309838 7 2 0
8.735527 11.877936 11.870700 18.787125 2 1 4
-5.473244 15.930470 10.329437 11.814322 3 1 3
1.822882 15.932919 16.420450 2.309908 4 1 1
1.822933 15.932919 16.420498 2.309838 5 1 1
1.822933 15.932919 16.420498 2.309838 6 1 1
1.822933 15.932919 16.420498 2.309838 7 2 0
-5.476788 15.932919 10.329437 2.522057 4 1 2
-5.476788 15.932919 10.329437 2.522057 5 1 1
-5.476788 13.410965 10.329437 0.000103 6 1 1
-5.476788 13.410965 10.329437 0.000103 7 2 0
-5.476788 15.932919 10.329437 2.521851 5 1 1
-5.476788 15.932919 10.329437 2.521851 6 1 1
-5.476788 15.932919 10.329437 2.521851 7 2 0
1.822890 15.932919 15.486105 6.463730 4 1 1
1.822933 15.932919 10.329437 1.307062 5 1 1
1.822933 15.932919 10.329437 1.307062 6 1 1
1.822933 15.932919 10.329437 1.307062 7 2 0
8.388361 11.221818 10.490367 9.326042 3 1 3
1.822933 8.367130 10.329437 8.120420 4 1 3
1.822933 13.410949 10.329437 0.157352 5 1 1
1.822933 13.410965 10.329437 0.157336 6 1 1
1.822933 13.410965 10.329437 0.157336 7 2 0
1.822933 8.367097 10.329484 0.157397 5 1 1
1.822933 8.367058 10.329437 0.157336 6 1 1
1.822933 8.367058 10.329437 0.157336 7 2 0
1.822933 13.410965 16.420490 0.212123 5 1 1
1.822933 13.410965 16.420498 0.212116 6 1 1
1.822933 13.410965 16.420498 0.212116 7 2 0
7.294139 15.301178 6.847696 3.590840 4 1 1
9.122654 15.932919 4.238377 0.342593 5 1 1
9.122654 15.932919 4.238377 0.342593 6 1 1
9.122654 15.932919 4.238377 0.342593 7 2 0
9.122654 10.889011 10.329437 7.565758 4 1 1
9.122654 10.889011 10.329437 7.565758 5 1 1
9.122654 10.889011 10.329437 7.565758 6 1 1
9.122654 10.889011 10.329437 7.565758 7 2 0
16.426474 8.180710 4.711778 12.142894 3 1 4
9.122693 5.845105 4.238410 0.342643 4 1 1
9.122654 5.845105 4.238377 0.342593 5 1 1
9.122654 5.845105 4.238377 0.342593 6 1 1
9.122654 5.845105 4.238377 0.342593 7 2 0
16.404470 10.361284 4.238377 7.120375 4 1 3
16.422375 8.367069 4.238377 2.773639 5 1 1
16.422375 10.889011 4.238377 0.251697 6 1 1
16.422375 10.889011 4.238377 0.251697 7 2 0
16.422375 15.415847 4.238377 2.978124 5 1 2
16.422375 13.411031 4.238377 0.973309 6 1 1
16.422375 13.410965 4.238377 0.973242 7 2 0
16.422375 15.932914 4.238377 1.548716 6 1 1
16.422375 15.932919 4.238377 1.548712 7 2 0
16.422375 8.367069 4.238377 2.270268 5 1 1
16.422375 8.367058 4.238377 2.270257 6 1 1
16.422375 8.367058 4.238377 2.270257 7 2 0
16.422377 5.845107 10.329436 2.679287 4 1 2
16.422375 8.367007 10.329437 0.157386 5 1 1
16.422375 8.367058 10.329437 0.157336 6 1 1
16.422375 8.367058 10.329437 0.157336 7 2 0
16.422375 5.845105 10.329437 0.989595 5 1 1
16.422375 5.845105 10.329437 0.989595 6 1 1
16.422375 5.845105 10.329437 0.989595 7 2 0
23.715639 15.283824 4.243759 4.587874 4 1 2
23.722095 13.394771 4.238377 2.698812 5 1 2
23.722095 10.889060 4.238377 0.193102 6 1 1
23.722095 10.889011 4.238377 0.193053 7 2 0
23.722095 13.410965 4.238377 1.034901 6 1 1
23.722095 13.410965 4.238377 1.034901 7 2 0
23.722095 15.932910 4.238377 1.487061 5 1 1
23.722095 15.932919 4.238377 1.487053 6 1 1
23.722095 15.932919 4.238377 1.487053 7 2 0
14.458916 15.814797 15.828409 11.074869 3 1 4
9.122654 15.932919 16.420501 0.342596 4 1 1
9.122654 15.932919 16.420498 0.342593 5 1 1
9.122654 15.932919 16.420498 0.342593 6 1 1
9.122654 15.932919 16.420498 0.342593 7 2 0
16.293472 15.928605 10.436996 2.680567 4 1 2
16.422375 13.410965 10.329437 0.157336 5 1 1
16.422375 13.410965 10.329437 0.157336 6 1 1
16.422375 13.410965 10.329437 0.157336 7 2 0
16.422375 15.932919 10.329437 1.307062 5 1 1
16.422375 15.932919 10.329437 1.307062 6 1 1
16.422375 15.932919 10.329437 1.307062 7 2 0
16.422357 10.889036 16.420513 2.522032 4 1 2
16.422375 10.889011 16.420498 2.522057 5 1 1
16.422375 13.410965 16.420498 0.000103 6 1 1
16.422375 13.410965 16.420498 0.000103 7 2 0
16.422375 10.889011 16.420498 0.192744 5 1 1
16.422375 10.889011 16.420498 0.192744 6 1 1
16.422375 10.889011 16.420498 0.192744 7 2 0
12.777439 15.932919 19.470137 7.276606 4 1 2
9.122708 15.932919 22.511513 2.522057 5 1 2
9.122654 15.932919 22.511559 2.522057 6 1 1
9.122654 13.410965 22.511559 0.000103 7 2 0
9.122654 15.932919 22.511559 2.521851 6 1 1
9.122654 15.932919 22.511559 2.521851 7 2 0
16.422321 15.932919 16.436957 6.425852 5 1 2
16.422375 15.932919 22.511516 0.351293 6 1 1
16.422375 15.932919 22.511559 0.351251 7 2 0
16.422375 15.932919 16.420498 2.521851 6 1 1
16.422375 15.932919 16.420498 2.521851 7 2 0
