98.968603
0.000000 0.000000 0.000000 50.081825 0 0 4
-21.922800 -21.994308 -5.569683 31.221434 1 1 4
-34.675678 -26.418263 4.238340 11.293726 2 1 10
-27.375957 -26.418268 4.238400 2.749731 3 2 0
-34.675678 -26.418268 -1.852660 2.733923 3 2 0
-27.375957 -26.418268 10.329459 1.786484 3 2 0
-34.675678 -20.918608 4.238400 1.487093 3 2 0
-34.675678 -26.418268 4.238400 1.487086 3 2 0
-34.675678 -18.168777 4.238400 1.262737 3 2 0
-34.675678 -23.668438 4.238400 1.262737 3 2 0
-34.675678 -20.918608 -1.852660 1.102328 3 2 0
-34.675678 -23.668438 -1.852660 0.015907 3 2 0
-27.375957 -23.668438 4.238400 0.000099 3 2 0
-27.125071 -21.061616 -8.005718 13.417497 2 1 12
-27.375957 -20.918608 -7.943720 8.249392 3 2 0
-27.375957 -12.669117 -1.852660 2.005125 3 2 0
-34.675678 -18.168777 -1.852660 1.647502 3 2 0
-20.076237 -18.168777 -14.034780 1.647502 3 2 0
-20.076237 -26.418268 -14.034780 1.183445 3 2 0
-20.076237 -20.918608 -14.034780 1.102328 3 2 0
-34.675678 -15.418947 -1.852660 0.940848 3 2 0
-34.675678 -26.418268 -7.943720 0.890203 3 2 0
-27.375957 -9.919287 -1.852660 0.686646 3 2 0
-20.076237 -15.418947 -7.943720 0.636467 3 2 0
-20.076237 -23.668438 -14.034780 0.591498 3 2 0
-20.076237 -12.669117 -7.943720 0.550243 3 2 0
-15.282084 -24.253605 -3.067595 25.183813 2 1 23
-5.476797 -23.668438 -20.125839 5.499561 3 2 0
-12.776517 -23.668438 -14.034780 4.007642 3 2 0
-12.776517 -23.668438 -1.852660 3.944526 3 2 0
-12.776517 -26.418268 4.238400 2.738481 3 2 0
-12.776517 -20.918608 -20.125839 2.300918 3 2 0
-12.776517 -26.418268 -20.125839 2.300918 3 2 0
-12.776517 -20.918608 -7.943720 2.300918 3 2 0
-12.776517 -26.418268 -7.943720 2.300918 3 2 0
-20.076237 -26.418268 -1.852660 2.254172 3 2 0
-5.476797 -20.918608 -14.034780 1.183445 3 2 0
-5.476797 -26.418268 -14.034780 1.183445 3 2 0
-20.076237 -26.418268 -7.943720 0.890203 3 2 0
-5.476797 -18.168777 -14.034780 0.645378 3 2 0
-12.776517 -18.168777 -1.852660 0.645378 3 2 0
-12.776517 -18.168777 -14.034780 0.645378 3 2 0
-5.476797 -23.668438 -14.034780 0.591498 3 2 0
-20.076237 -23.668438 -1.852660 0.495659 3 2 0
-12.776517 -23.668438 -7.943720 0.448912 3 2 0
-12.776517 -18.168777 -7.943720 0.448912 3 2 0
-12.776517 -23.668438 -20.125839 0.448912 3 2 0
-20.076237 -20.918608 -1.852660 0.138693 3 2 0
-12.776517 -23.668438 4.238400 0.011350 3 2 0
-5.476797 -18.168777 -20.125839 0.000099 3 2 0
-20.622692 -18.988663 5.808591 21.274824 2 1 37
-20.076237 -20.918608 4.238400 5.952367 3 2 0
-27.375957 -23.668438 16.420519 4.896523 3 2 0
-20.076237 -12.669117 10.329459 3.806458 3 2 0
-27.375957 -18.168777 10.329459 3.135013 3 2 0
-20.076237 -26.418268 22.511578 2.733922 3 2 0
-20.076237 -26.418268 10.329459 2.254172 3 2 0
-27.375957 -18.168777 4.238400 1.848113 3 2 0
-27.375957 -20.918608 22.511578 1.786483 3 2 0
-27.375957 -26.418268 22.511578 1.786483 3 2 0
-20.076237 -12.669117 4.238400 1.680185 3 2 0
-20.076237 -18.168777 22.511578 1.647501 3 2 0
-20.076237 -15.418947 -1.852660 1.406225 3 2 0
-12.776517 -20.918608 4.238400 1.347353 3 2 0
-20.076237 -12.669117 -1.852660 1.124895 3 2 0
-20.076237 -20.918608 22.511578 1.102330 3 2 0
-27.375957 -23.668438 22.511578 0.963347 3 2 0
-27.375957 -23.668438 10.329459 0.963346 3 2 0
-20.076237 -12.669117 16.420519 0.957464 3 2 0
-27.375957 -15.418947 4.238400 0.901717 3 2 0
-27.375957 -20.918608 4.238400 0.901717 3 2 0
-20.076237 -15.418947 16.420519 0.890202 3 2 0
-20.076237 -26.418268 16.420519 0.890202 3 2 0
-27.375957 -12.669117 4.238400 0.887199 3 2 0
-20.076237 -18.168777 -1.852660 0.730640 3 2 0
-20.076237 -18.168777 10.329459 0.730640 3 2 0
-12.776517 -18.168777 4.238400 0.646508 3 2 0
-20.076237 -7.169457 16.420519 0.621278 3 2 0
-27.375957 -18.168777 16.420519 0.603138 3 2 0
-20.076237 -9.919287 16.420519 0.508980 3 2 0
-20.076237 -23.668438 10.329459 0.495659 3 2 0
-27.375957 -9.919287 4.238400 0.446602 3 2 0
-20.076237 -7.169457 10.329459 0.248327 3 2 0
-27.375957 -18.168777 22.511578 0.169457 3 2 0
-20.076237 -9.919287 4.238400 0.152599 3 2 0
-20.076237 -20.918608 10.329459 0.138693 3 2 0
-20.076237 -15.418947 22.511578 0.079478 3 2 0
-20.076237 -23.668438 22.511578 0.015908 3 2 0
-29.131639 -15.251154 -17.884934 18.064299 1 1 4
-34.675677 -21.905109 -20.125838 10.314793 2 1 6
-34.675678 -20.918608 -20.125839 3.432177 3 2 0
-34.675678 -26.418268 -14.034780 2.733923 3 2 0
-34.675678 -26.418268 -20.125839 2.067483 3 2 0
-34.675678 -20.918608 -14.034780 1.257813 3 2 0
-34.675678 -23.668438 -14.034780 0.015907 3 2 0
-34.675678 -18.168777 -14.034780 0.015907 3 2 0
-29.718231 -14.501976 -19.449735 10.132495 2 1 7
-27.375957 -15.418947 -20.125839 4.991750 3 2 0
-34.675678 -9.919287 -20.125839 3.100266 3 2 0
-34.675678 -15.418947 -14.034780 2.733923 3 2 0
-34.675678 -15.418947 -20.125839 2.067483 3 2 0
-27.375957 -7.169457 -20.125839 0.798844 3 2 0
-27.375957 -9.919287 -20.125839 0.507910 3 2 0
-34.675678 -12.669117 -14.034780 0.015907 3 2 0
-22.193305 -24.052367 -19.406971 11.575875 2 1 6
-20.076237 -23.668438 -20.125839 5.499561 3 2 0
-27.375957 -26.418268 -20.125839 2.300919 3 2 0
-27.375957 -20.918608 -20.125839 0.507910 3 2 0
-12.776517 -18.168777 -20.125839 0.448912 3 2 0
-27.375957 -23.668438 -20.125839 0.448911 3 2 0
-20.076237 -18.168777 -20.125839 0.000099 3 2 0
-27.375940 -9.939248 -10.172649 10.286022 2 1 7
-27.375957 -9.919287 -7.943720 2.610454 3 2 0
-27.375957 -9.919287 -14.034780 2.158788 3 2 0
-34.675678 -15.418947 -7.943720 0.890203 3 2 0
-27.375957 -12.669117 -14.034780 0.591042 3 2 0
-27.375957 -7.169457 -7.943720 0.139376 3 2 0
-27.375957 -7.169457 -14.034780 0.078617 3 2 0
-27.375957 -12.669117 -7.943720 0.000099 3 2 0
5.305390 -21.131889 4.240097 33.097584 1 1 4
-9.707464 -21.982802 8.731500 16.596405 2 1 4
-12.776517 -20.918608 16.420519 8.249392 3 2 0
-5.476797 -12.669117 16.420519 2.752148 3 2 0
-12.776517 -9.919287 16.420519 1.499486 3 2 0
-12.776517 -12.669117 16.420519 0.000099 3 2 0
-7.806614 -22.073918 7.696161 32.061043 2 1 33
1.822923 -23.668438 4.238400 5.499561 3 2 0
-5.476797 -23.668438 -7.943720 5.499561 3 2 0
-5.476797 -26.418268 10.329459 2.733922 3 2 0
1.822923 -20.918608 -20.125839 2.300918 3 2 0
1.822923 -26.418268 -20.125839 2.300918 3 2 0
1.822923 -20.918608 -7.943720 2.300918 3 2 0
1.822923 -26.418268 -7.943720 2.300918 3 2 0
-5.476797 -20.918608 4.238400 2.300918 3 2 0
-5.476797 -26.418268 4.238400 2.300918 3 2 0
1.822923 -20.918608 -14.034780 2.300918 3 2 0
1.822923 -26.418268 -14.034780 2.300918 3 2 0
-5.476797 -20.918608 10.329459 1.257812 3 2 0
-5.476797 -20.918608 -1.852660 1.183445 3 2 0
-5.476797 -26.418268 -1.852660 1.183445 3 2 0
1.822923 -20.918608 -1.852660 1.183445 3 2 0
1.822923 -26.418268 -1.852660 1.183445 3 2 0
9.122643 -26.418268 -1.852660 0.890203 3 2 0
-5.476797 -18.168777 10.329459 0.835224 3 2 0
1.822923 -18.168777 -1.852660 0.645378 3 2 0
-5.476797 -18.168777 -1.852660 0.645378 3 2 0
-5.476797 -23.668438 -1.852660 0.591498 3 2 0
1.822923 -23.668438 -1.852660 0.591498 3 2 0
1.822923 -23.668438 -14.034780 0.448912 3 2 0
1.822923 -18.168777 -14.034780 0.448912 3 2 0
-5.476797 -23.668438 4.238400 0.448912 3 2 0
-5.476797 -18.168777 4.238400 0.448912 3 2 0
1.822923 -23.668438 -7.943720 0.448912 3 2 0
1.822923 -18.168777 -7.943720 0.448912 3 2 0
1.822923 -23.668438 -20.125839 0.448912 3 2 0
1.822923 -18.168777 -20.125839 0.448912 3 2 0
-5.476797 -23.668438 10.329459 0.015908 3 2 0
-5.476797 -18.168777 -7.943720 0.000099 3 2 0
1.822923 -18.168777 4.238400 0.000099 3 2 0
-3.756381 -24.647968 24.752658 19.888088 2 1 23
-5.476797 -23.668438 28.602638 5.499561 3 2 0
1.822923 -26.418268 22.511578 2.749731 3 2 0
-5.476797 -15.418947 22.511578 2.473032 3 2 0
-12.776517 -26.418268 28.602638 2.300918 3 2 0
1.822923 -26.418268 28.602638 2.300918 3 2 0
-12.776517 -20.918608 28.602638 2.300918 3 2 0
1.822923 -20.918608 28.602638 2.300918 3 2 0
-5.476797 -26.418268 22.511578 1.183446 3 2 0
-5.476797 -20.918608 22.511578 1.183446 3 2 0
-5.476797 -26.418268 16.420519 0.890202 3 2 0
-5.476797 -23.668438 22.511578 0.591499 3 2 0
-5.476797 -9.919287 22.511578 0.532210 3 2 0
1.822923 -18.168777 28.602638 0.448912 3 2 0
-12.776517 -18.168777 28.602638 0.448912 3 2 0
1.822923 -23.668438 28.602638 0.448912 3 2 0
-12.776517 -23.668438 28.602638 0.448912 3 2 0
-5.476797 -18.168777 22.511578 0.276798 3 2 0
-5.476797 -12.669117 22.511578 0.276798 3 2 0
-12.776517 -7.169457 22.511578 0.092037 3 2 0
-12.776517 -12.669117 22.511578 0.079000 3 2 0
1.822923 -20.918608 22.511578 0.011992 3 2 0
1.822923 -23.668438 22.511578 0.000099 3 2 0
-5.476797 -18.168777 28.602638 0.000099 3 2 0
6.426683 -19.370965 17.097492 17.210276 2 1 28
9.122643 -20.918608 16.420519 7.159054 3 2 0
1.822923 -12.669117 16.420519 3.283607 3 2 0
1.822923 -18.168777 22.511578 2.737838 3 2 0
9.122643 -26.418268 4.238400 2.300918 3 2 0
1.822923 -18.168777 10.329459 2.148926 3 2 0
9.122643 -9.919287 16.420519 2.051485 3 2 0
1.822923 -26.418268 16.420519 1.980540 3 2 0
9.122643 -12.669117 10.329459 1.738990 3 2 0
9.122643 -18.168777 4.238400 1.647502 3 2 0
1.822923 -26.418268 10.329459 1.183445 3 2 0
9.122643 -20.918608 4.238400 1.102328 3 2 0
9.122643 -26.418268 10.329459 1.047485 3 2 0
9.122643 -26.418268 22.511578 1.047484 3 2 0
9.122643 -15.418947 10.329459 1.010840 3 2 0
9.122643 -15.418947 4.238400 0.768534 3 2 0
9.122643 -12.669117 16.420519 0.698345 3 2 0
9.122643 -7.169457 16.420519 0.698345 3 2 0
1.822923 -18.168777 16.420519 0.641425 3 2 0
1.822923 -23.668438 16.420519 0.641425 3 2 0
1.822923 -20.918608 10.329459 0.600904 3 2 0
1.822923 -23.668438 10.329459 0.591498 3 2 0
9.122643 -23.668438 4.238400 0.448912 3 2 0
1.822923 -15.418947 10.329459 0.445007 3 2 0
9.122643 -9.919287 10.329459 0.239508 3 2 0
1.822923 -9.919287 22.511578 0.148451 3 2 0
1.822923 -20.918608 16.420519 0.140666 3 2 0
9.122643 -4.419627 16.420519 0.045220 3 2 0
1.822923 -15.418947 22.511578 0.011992 3 2 0
14.788336 -19.520726 2.487427 29.573244 1 1 4
11.091811 -23.648509 -15.669551 16.426495 2 1 13
9.122643 -23.668438 -14.034780 5.499561 3 2 0
16.422363 -23.668438 -20.125839 4.007643 3 2 0
16.422363 -15.418947 -20.125839 3.412076 3 2 0
23.722084 -26.418268 -20.125839 2.749731 3 2 0
16.422363 -26.418268 -14.034780 2.300919 3 2 0
9.122643 -20.918608 -20.125839 1.183445 3 2 0
9.122643 -26.418268 -20.125839 1.183445 3 2 0
9.122643 -26.418268 -7.943720 1.183445 3 2 0
9.122643 -18.168777 -20.125839 0.645378 3 2 0
9.122643 -23.668438 -20.125839 0.591498 3 2 0
9.122643 -23.668438 -7.943720 0.591498 3 2 0
16.422363 -23.668438 -14.034780 0.448911 3 2 0
9.122643 -18.168777 -14.034780 0.000099 3 2 0
17.329631 -20.094733 -9.084458 20.655069 2 1 28
16.422363 -20.918608 -1.852660 8.249392 3 2 0
23.722084 -18.168777 -14.034780 6.216137 3 2 0
23.722084 -9.919287 -20.125839 3.432102 3 2 0
23.722084 -26.418268 -7.943720 2.733923 3 2 0
16.422363 -12.669117 -14.034780 2.265155 3 2 0
16.422363 -9.919287 -7.943720 2.249103 3 2 0
23.722084 -26.418268 -14.034780 2.033353 3 2 0
23.722084 -9.919287 -14.034780 2.033353 3 2 0
23.722084 -12.669117 -7.943720 1.947573 3 2 0
16.422363 -9.919287 -20.125839 1.705269 3 2 0
16.422363 -20.918608 -14.034780 1.584343 3 2 0
9.122643 -20.918608 -7.943720 1.183445 3 2 0
16.422363 -18.168777 -14.034780 1.083583 3 2 0
23.722084 -15.418947 -1.852660 0.890203 3 2 0
9.122643 -18.168777 -7.943720 0.841465 3 2 0
16.422363 -12.669117 -7.943720 0.500727 3 2 0
16.422363 -15.418947 -14.034780 0.484675 3 2 0
16.422363 -9.919287 -14.034780 0.484675 3 2 0
23.722084 -20.918608 -20.125839 0.466869 3 2 0
23.722084 -15.418947 -20.125839 0.466869 3 2 0
23.722084 -15.418947 -7.943720 0.466869 3 2 0
23.722084 -20.918608 -7.943720 0.466869 3 2 0
23.722084 -4.419627 -20.125839 0.444070 3 2 0
23.722084 -7.169457 -14.034780 0.435878 3 2 0
23.722084 -9.919287 -7.943720 0.389654 3 2 0
16.422363 -7.169457 -20.125839 0.368606 3 2 0
23.722084 -23.668438 -7.943720 0.015907 3 2 0
23.722084 -23.668438 -20.125839 0.000099 3 2 0
19.273207 -25.546453 7.745383 17.649490 2 1 10
16.422363 -26.418268 10.329459 2.749731 3 2 0
16.422363 -23.668438 22.511578 2.493808 3 2 0
16.422363 -26.418268 16.420519 1.980541 3 2 0
23.722084 -23.668438 4.238400 1.487087 3 2 0
23.722084 -26.418268 4.238400 1.262743 3 2 0
23.722084 -20.918608 4.238400 1.257813 3 2 0
23.722084 -26.418268 -1.852660 0.890203 3 2 0
16.422363 -23.668438 16.420519 0.641426 3 2 0
16.422363 -26.418268 22.511578 0.256023 3 2 0
16.422363 -23.668438 10.329459 0.000099 3 2 0
17.229047 -15.571826 7.842882 15.889623 2 1 16
16.422363 -18.168777 10.329459 2.737839 3 2 0
16.422363 -9.919287 -1.852660 2.234706 3 2 0
16.422363 -9.919287 4.238400 2.161400 3 2 0
23.722084 -18.168777 4.238400 1.487087 3 2 0
16.422363 -9.919287 10.329459 0.748286 3 2 0
16.422363 -12.669117 10.329459 0.735877 3 2 0
16.422363 -18.168777 16.420519 0.641426 3 2 0
16.422363 -12.669117 4.238400 0.588430 3 2 0
16.422363 -7.169457 4.238400 0.552509 3 2 0
16.422363 -18.168777 22.511578 0.422551 3 2 0
16.422363 -20.918608 22.511578 0.256023 3 2 0
16.422363 -20.918608 16.420519 0.140667 3 2 0
16.422363 -7.169457 -1.852660 0.014853 3 2 0
16.422363 -20.918608 10.329459 0.011991 3 2 0
16.422363 -15.418947 10.329459 0.011991 3 2 0
16.422363 -12.669117 -1.852660 0.000099 3 2 0
