98.968603
0.000000 0.000000 0.000000 50.081825 0 0 4
-21.922800 -21.994308 -5.569683 31.221434 1 1 4
-34.675678 -26.418263 4.238340 11.293726 2 1 4
-34.675675 -26.418268 -1.852654 2.733930 3 1 1
-34.675678 -26.418268 -1.852660 2.733923 4 2 0
-34.675678 -26.079938 -1.852656 6.263659 3 1 2
-34.675678 -20.918608 -1.852660 1.102328 4 2 0
-34.675678 -23.668438 -1.852660 0.015907 4 2 0
-28.182033 -26.418268 5.404542 6.776932 3 1 3
-27.375957 -26.418268 4.238400 2.749731 4 2 0
-27.375957 -26.418268 10.329459 1.786484 4 2 0
-27.375957 -23.668438 4.238400 0.000099 4 2 0
-34.675630 -20.918649 4.238406 6.986706 3 1 4
-34.675678 -20.918608 4.238400 1.487093 4 2 0
-34.675678 -26.418268 4.238400 1.487086 4 2 0
-34.675678 -18.168777 4.238400 1.262737 4 2 0
-34.675678 -23.668438 4.238400 1.262737 4 2 0
-27.125071 -21.061616 -8.005718 13.417497 2 1 4
-34.675678 -26.418268 -7.943720 0.890203 3 1 1
-34.675678 -26.418268 -7.943720 0.890203 4 2 0
-27.444287 -20.888827 -7.886704 11.832234 3 1 3
-27.375957 -20.918608 -7.943720 8.249392 4 2 0
-34.675678 -18.168777 -1.852660 1.647502 4 2 0
-34.675678 -15.418947 -1.852660 0.940848 4 2 0
-20.076237 -26.113039 -14.034779 9.591763 3 1 4
-20.076237 -18.168777 -14.034780 1.647502 4 2 0
-20.076237 -26.418268 -14.034780 1.183445 4 2 0
-20.076237 -20.918608 -14.034780 1.102328 4 2 0
-20.076237 -23.668438 -14.034780 0.591498 4 2 0
-24.262764 -15.094555 -6.871338 8.539193 3 1 4
-27.375957 -12.669117 -1.852660 2.005125 4 2 0
-27.375957 -9.919287 -1.852660 0.686646 4 2 0
-20.076237 -15.418947 -7.943720 0.636467 4 2 0
-20.076237 -12.669117 -7.943720 0.550243 4 2 0
-15.282084 -24.253605 -3.067595 25.183813 2 1 4
-20.076198 -26.418268 -7.943754 8.345265 3 1 3
-20.076237 -26.418268 -1.852660 2.254172 4 2 0
-20.076237 -26.418268 -7.943720 0.890203 4 2 0
-20.076237 -23.668438 -1.852660 0.495659 4 2 0
-8.903707 -23.754778 -16.980766 10.151728 3 1 11
-5.476797 -23.668438 -20.125839 5.499561 4 2 0
-12.776517 -23.668438 -14.034780 4.007642 4 2 0
-12.776517 -20.918608 -20.125839 2.300918 4 2 0
-12.776517 -26.418268 -20.125839 2.300918 4 2 0
-5.476797 -20.918608 -14.034780 1.183445 4 2 0
-5.476797 -26.418268 -14.034780 1.183445 4 2 0
-5.476797 -18.168777 -14.034780 0.645378 4 2 0
-12.776517 -18.168777 -14.034780 0.645378 4 2 0
-5.476797 -23.668438 -14.034780 0.591498 4 2 0
-12.776517 -23.668438 -20.125839 0.448912 4 2 0
-5.476797 -18.168777 -20.125839 0.000099 4 2 0
-12.231372 -26.418266 2.873739 4.207997 3 1 2
-12.776517 -26.418268 4.238400 2.738481 4 2 0
-12.776517 -23.668438 4.238400 0.011350 4 2 0
-12.776511 -23.644455 -1.852680 8.993810 3 1 7
-12.776517 -23.668438 -1.852660 3.944526 4 2 0
-12.776517 -20.918608 -7.943720 2.300918 4 2 0
-12.776517 -26.418268 -7.943720 2.300918 4 2 0
-12.776517 -18.168777 -1.852660 0.645378 4 2 0
-12.776517 -23.668438 -7.943720 0.448912 4 2 0
-12.776517 -18.168777 -7.943720 0.448912 4 2 0
-20.076237 -20.918608 -1.852660 0.138693 4 2 0
-20.622692 -18.988663 5.808591 21.274824 2 1 4
-27.375954 -23.507777 15.989008 12.946695 3 1 11
-27.375957 -23.668438 16.420519 4.896523 4 2 0
-20.076237 -26.418268 22.511578 2.733922 4 2 0
-27.375957 -20.918608 22.511578 1.786483 4 2 0
-27.375957 -26.418268 22.511578 1.786483 4 2 0
-20.076237 -18.168777 22.511578 1.647501 4 2 0
-20.076237 -20.918608 22.511578 1.102330 4 2 0
-27.375957 -23.668438 22.511578 0.963347 4 2 0
-20.076237 -26.418268 16.420519 0.890202 4 2 0
-27.375957 -18.168777 16.420519 0.603138 4 2 0
-27.375957 -18.168777 22.511578 0.169457 4 2 0
-20.076237 -23.668438 22.511578 0.015908 4 2 0
-25.976306 -17.221203 7.516228 13.096043 3 1 9
-27.375957 -18.168777 10.329459 3.135013 4 2 0
-27.375957 -18.168777 4.238400 1.848113 4 2 0
-20.076237 -15.418947 -1.852660 1.406225 4 2 0
-20.076237 -12.669117 -1.852660 1.124895 4 2 0
-27.375957 -15.418947 4.238400 0.901717 4 2 0
-27.375957 -20.918608 4.238400 0.901717 4 2 0
-27.375957 -12.669117 4.238400 0.887199 4 2 0
-20.076237 -18.168777 -1.852660 0.730640 4 2 0
-27.375957 -9.919287 4.238400 0.446602 4 2 0
-22.550947 -22.343751 9.892821 12.729049 3 1 7
-20.076237 -20.918608 4.238400 5.952367 4 2 0
-20.076237 -26.418268 10.329459 2.254172 4 2 0
-12.776517 -20.918608 4.238400 1.347353 4 2 0
-27.375957 -23.668438 10.329459 0.963346 4 2 0
-20.076237 -18.168777 10.329459 0.730640 4 2 0
-20.076237 -23.668438 10.329459 0.495659 4 2 0
-20.076237 -20.918608 10.329459 0.138693 4 2 0
-20.070876 -13.143428 11.388029 12.029786 3 1 10
-20.076237 -12.669117 10.329459 3.806458 4 2 0
-20.076237 -12.669117 4.238400 1.680185 4 2 0
-20.076237 -12.669117 16.420519 0.957464 4 2 0
-20.076237 -15.418947 16.420519 0.890202 4 2 0
-12.776517 -18.168777 4.238400 0.646508 4 2 0
-20.076237 -7.169457 16.420519 0.621278 4 2 0
-20.076237 -9.919287 16.420519 0.508980 4 2 0
-20.076237 -7.169457 10.329459 0.248327 4 2 0
-20.076237 -9.919287 4.238400 0.152599 4 2 0
-20.076237 -15.418947 22.511578 0.079478 4 2 0
-29.131639 -15.251154 -17.884934 18.064299 1 1 4
-34.675677 -21.905109 -20.125838 10.314793 2 1 4
-34.675678 -26.418268 -20.125833 2.067489 3 1 1
-34.675678 -26.418268 -20.125839 2.067483 4 2 0
-34.675678 -20.918608 -20.125839 3.432177 3 1 1
-34.675678 -20.918608 -20.125839 3.432177 4 2 0
-34.675678 -26.418268 -15.873734 4.572877 3 1 1
-34.675678 -26.418268 -14.034780 2.733923 4 2 0
-34.675678 -20.918626 -14.034831 2.765755 3 1 3
-34.675678 -20.918608 -14.034780 1.257813 4 2 0
-34.675678 -23.668438 -14.034780 0.015907 4 2 0
-34.675678 -18.168777 -14.034780 0.015907 4 2 0
-29.718231 -14.501976 -19.449735 10.132495 2 1 4
-34.675678 -15.418947 -15.873734 4.572878 3 1 2
-34.675678 -15.418947 -14.034780 2.733923 4 2 0
-34.675678 -12.669117 -14.034780 0.015907 4 2 0
-34.675678 -11.177252 -20.125839 6.309178 3 1 2
-34.675678 -9.919287 -20.125839 3.100266 4 2 0
-34.675678 -15.418947 -20.125839 2.067483 4 2 0
-28.405980 -15.418947 -19.266364 6.333259 3 1 1
-27.375957 -15.418947 -20.125839 4.991750 4 2 0
-27.376013 -7.731792 -20.125801 2.695405 3 1 2
-27.375957 -7.169457 -20.125839 0.798844 4 2 0
-27.375957 -9.919287 -20.125839 0.507910 4 2 0
-22.193305 -24.052367 -19.406971 11.575875 2 1 4
-27.375954 -26.397986 -20.125839 2.321201 3 1 1
-27.375957 -26.418268 -20.125839 2.300919 4 2 0
-27.375954 -26.340112 -20.125839 5.929414 3 1 2
-27.375957 -20.918608 -20.125839 0.507910 4 2 0
-27.375957 -23.668438 -20.125839 0.448911 4 2 0
-20.072363 -23.665484 -20.125839 5.504433 3 1 1
-20.076237 -23.668438 -20.125839 5.499561 4 2 0
-20.072270 -23.665448 -20.125839 9.583539 3 1 2
-12.776517 -18.168777 -20.125839 0.448912 4 2 0
-20.076237 -18.168777 -20.125839 0.000099 4 2 0
-27.375940 -9.939248 -10.172649 10.286022 2 1 4
-34.675678 -15.418947 -7.943720 0.890203 3 1 1
-34.675678 -15.418947 -7.943720 0.890203 4 2 0
-27.375957 -9.974452 -14.034780 3.285707 3 1 3
-27.375957 -9.919287 -14.034780 2.158788 4 2 0
-27.375957 -12.669117 -14.034780 0.591042 4 2 0
-27.375957 -7.169457 -14.034780 0.078617 4 2 0
-27.651322 -10.157108 -8.011043 2.528052 3 1 1
-27.375957 -12.669117 -7.943720 0.000099 4 2 0
-27.375957 -9.918868 -7.943798 2.888787 3 1 2
-27.375957 -9.919287 -7.943720 2.610454 4 2 0
-27.375957 -7.169457 -7.943720 0.139376 4 2 0
5.305390 -21.131889 4.240097 33.097584 1 1 4
-9.707464 -21.982802 8.731500 16.596405 2 1 2
-12.776516 -9.919329 16.420519 10.552611 3 1 3
-5.476797 -12.669117 16.420519 2.752148 4 2 0
-12.776517 -9.919287 16.420519 1.499486 4 2 0
-12.776517 -12.669117 16.420519 0.000099 4 2 0
-12.515167 -20.623254 16.420519 8.643774 3 1 1
-12.776517 -20.918608 16.420519 8.249392 4 2 0
-7.806614 -22.073918 7.696161 32.061043 2 1 4
1.822914 -26.418261 -20.125795 8.698397 3 1 6
1.822923 -20.918608 -20.125839 2.300918 4 2 0
1.822923 -26.418268 -20.125839 2.300918 4 2 0
1.822923 -26.418268 -14.034780 2.300918 4 2 0
1.822923 -23.668438 -14.034780 0.448912 4 2 0
1.822923 -23.668438 -20.125839 0.448912 4 2 0
1.822923 -18.168777 -20.125839 0.448912 4 2 0
-3.377456 -23.524058 -9.021365 9.979892 3 1 10
-5.476797 -23.668438 -7.943720 5.499561 4 2 0
1.822923 -20.918608 -7.943720 2.300918 4 2 0
1.822923 -26.418268 -7.943720 2.300918 4 2 0
1.822923 -20.918608 -14.034780 2.300918 4 2 0
-5.476797 -26.418268 -1.852660 1.183445 4 2 0
-5.476797 -23.668438 -1.852660 0.591498 4 2 0
1.822923 -18.168777 -14.034780 0.448912 4 2 0
1.822923 -23.668438 -7.943720 0.448912 4 2 0
1.822923 -18.168777 -7.943720 0.448912 4 2 0
-5.476797 -18.168777 -7.943720 0.000099 4 2 0
0.664272 -24.145522 4.778115 11.875492 3 1 6
1.822923 -23.668438 4.238400 5.499561 4 2 0
-5.476797 -26.418268 4.238400 2.300918 4 2 0
1.822923 -20.918608 -1.852660 1.183445 4 2 0
1.822923 -26.418268 -1.852660 1.183445 4 2 0
9.122643 -26.418268 -1.852660 0.890203 4 2 0
1.822923 -23.668438 -1.852660 0.591498 4 2 0
-2.351297 -20.398187 5.113482 11.290589 3 1 11
-5.476797 -26.418268 10.329459 2.733922 4 2 0
-5.476797 -20.918608 4.238400 2.300918 4 2 0
-5.476797 -20.918608 10.329459 1.257812 4 2 0
-5.476797 -20.918608 -1.852660 1.183445 4 2 0
-5.476797 -18.168777 10.329459 0.835224 4 2 0
1.822923 -18.168777 -1.852660 0.645378 4 2 0
-5.476797 -18.168777 -1.852660 0.645378 4 2 0
-5.476797 -23.668438 4.238400 0.448912 4 2 0
-5.476797 -18.168777 4.238400 0.448912 4 2 0
-5.476797 -23.668438 10.329459 0.015908 4 2 0
1.822923 -18.168777 4.238400 0.000099 4 2 0
-3.756381 -24.647968 24.752658 19.888088 2 1 4
-12.379708 -26.399092 27.940425 3.286597 3 1 2
-12.776517 -26.418268 28.602638 2.300918 4 2 0
-12.776517 -23.668438 28.602638 0.448912 4 2 0
-9.540567 -20.815898 25.804851 14.498368 3 1 10
-5.476797 -15.418947 22.511578 2.473032 4 2 0
-12.776517 -20.918608 28.602638 2.300918 4 2 0
-5.476797 -20.918608 22.511578 1.183446 4 2 0
-5.476797 -23.668438 22.511578 0.591499 4 2 0
-5.476797 -9.919287 22.511578 0.532210 4 2 0
-12.776517 -18.168777 28.602638 0.448912 4 2 0
-5.476797 -18.168777 22.511578 0.276798 4 2 0
-5.476797 -12.669117 22.511578 0.276798 4 2 0
-12.776517 -7.169457 22.511578 0.092037 4 2 0
-12.776517 -12.669117 22.511578 0.079000 4 2 0
1.822872 -26.418246 24.761937 11.974625 3 1 7
1.822923 -26.418268 22.511578 2.749731 4 2 0
1.822923 -26.418268 28.602638 2.300918 4 2 0
1.822923 -20.918608 28.602638 2.300918 4 2 0
-5.476797 -26.418268 16.420519 0.890202 4 2 0
1.822923 -23.668438 28.602638 0.448912 4 2 0
1.822923 -20.918608 22.511578 0.011992 4 2 0
1.822923 -23.668438 22.511578 0.000099 4 2 0
-4.971793 -23.478201 28.602636 9.072030 3 1 4
-5.476797 -23.668438 28.602638 5.499561 4 2 0
-5.476797 -26.418268 22.511578 1.183446 4 2 0
1.822923 -18.168777 28.602638 0.448912 4 2 0
-5.476797 -18.168777 28.602638 0.000099 4 2 0
6.426683 -19.370965 17.097492 17.210276 2 1 4
1.822923 -26.418263 16.420514 7.274500 3 1 5
1.822923 -26.418268 16.420519 1.980540 4 2 0
1.822923 -26.418268 10.329459 1.183445 4 2 0
1.822923 -23.668438 16.420519 0.641425 4 2 0
1.822923 -23.668438 10.329459 0.591498 4 2 0
1.822923 -20.918608 16.420519 0.140666 4 2 0
4.311513 -16.706771 11.783676 15.506650 3 1 11
9.122643 -26.418268 4.238400 2.300918 4 2 0
1.822923 -18.168777 10.329459 2.148926 4 2 0
9.122643 -12.669117 10.329459 1.738990 4 2 0
9.122643 -18.168777 4.238400 1.647502 4 2 0
9.122643 -20.918608 4.238400 1.102328 4 2 0
9.122643 -15.418947 10.329459 1.010840 4 2 0
9.122643 -15.418947 4.238400 0.768534 4 2 0
1.822923 -20.918608 10.329459 0.600904 4 2 0
9.122643 -23.668438 4.238400 0.448912 4 2 0
1.822923 -15.418947 10.329459 0.445007 4 2 0
9.122643 -9.919287 10.329459 0.239508 4 2 0
9.122642 -20.952848 16.420519 9.231116 3 1 3
9.122643 -20.918608 16.420519 7.159054 4 2 0
9.122643 -26.418268 10.329459 1.047485 4 2 0
9.122643 -26.418268 22.511578 1.047484 4 2 0
4.101651 -15.592705 20.610148 12.991302 3 1 9
1.822923 -12.669117 16.420519 3.283607 4 2 0
1.822923 -18.168777 22.511578 2.737838 4 2 0
9.122643 -9.919287 16.420519 2.051485 4 2 0
9.122643 -12.669117 16.420519 0.698345 4 2 0
9.122643 -7.169457 16.420519 0.698345 4 2 0
1.822923 -18.168777 16.420519 0.641425 4 2 0
1.822923 -9.919287 22.511578 0.148451 4 2 0
9.122643 -4.419627 16.420519 0.045220 4 2 0
1.822923 -15.418947 22.511578 0.011992 4 2 0
14.788336 -19.520726 2.487427 29.573244 1 1 4
11.091811 -23.648509 -15.669551 16.426495 2 1 4
9.122643 -26.113025 -20.125809 6.377862 3 1 3
9.122643 -20.918608 -20.125839 1.183445 4 2 0
9.122643 -26.418268 -20.125839 1.183445 4 2 0
9.122643 -23.668438 -20.125839 0.591498 4 2 0
9.122647 -23.659743 -14.170502 7.993899 3 1 4
9.122643 -23.668438 -14.034780 5.499561 4 2 0
9.122643 -26.418268 -7.943720 1.183445 4 2 0
9.122643 -23.668438 -7.943720 0.591498 4 2 0
9.122643 -18.168777 -14.034780 0.000099 4 2 0
17.813707 -24.627458 -19.144271 9.001083 3 1 4
16.422363 -23.668438 -20.125839 4.007643 4 2 0
23.722084 -26.418268 -20.125839 2.749731 4 2 0
16.422363 -26.418268 -14.034780 2.300919 4 2 0
16.422363 -23.668438 -14.034780 0.448911 4 2 0
16.422372 -15.419011 -20.125832 8.445844 3 1 2
16.422363 -15.418947 -20.125839 3.412076 4 2 0
9.122643 -18.168777 -20.125839 0.645378 4 2 0
17.329631 -20.094733 -9.084458 20.655069 2 1 4
9.122696 -20.191511 -7.943730 2.864198 3 1 2
9.122643 -20.918608 -7.943720 1.183445 4 2 0
9.122643 -18.168777 -7.943720 0.841465 4 2 0
20.736855 -11.625349 -18.103682 13.418271 3 1 11
23.722084 -9.919287 -20.125839 3.432102 4 2 0
16.422363 -12.669117 -14.034780 2.265155 4 2 0
16.422363 -9.919287 -7.943720 2.249103 4 2 0
23.722084 -9.919287 -14.034780 2.033353 4 2 0
16.422363 -9.919287 -20.125839 1.705269 4 2 0
16.422363 -15.418947 -14.034780 0.484675 4 2 0
16.422363 -9.919287 -14.034780 0.484675 4 2 0
23.722084 -15.418947 -20.125839 0.466869 4 2 0
23.722084 -4.419627 -20.125839 0.444070 4 2 0
23.722084 -7.169457 -14.034780 0.435878 4 2 0
16.422363 -7.169457 -20.125839 0.368606 4 2 0
16.780255 -21.187298 -2.238036 13.131369 3 1 3
16.422363 -20.918608 -1.852660 8.249392 4 2 0
23.722084 -26.418268 -7.943720 2.733923 4 2 0
23.722084 -15.418947 -1.852660 0.890203 4 2 0
23.409288 -17.393396 -13.570485 11.075573 3 1 12
23.722084 -18.168777 -14.034780 6.216137 4 2 0
23.722084 -26.418268 -14.034780 2.033353 4 2 0
23.722084 -12.669117 -7.943720 1.947573 4 2 0
16.422363 -20.918608 -14.034780 1.584343 4 2 0
16.422363 -18.168777 -14.034780 1.083583 4 2 0
16.422363 -12.669117 -7.943720 0.500727 4 2 0
23.722084 -20.918608 -20.125839 0.466869 4 2 0
23.722084 -15.418947 -7.943720 0.466869 4 2 0
23.722084 -20.918608 -7.943720 0.466869 4 2 0
23.722084 -9.919287 -7.943720 0.389654 4 2 0
23.722084 -23.668438 -7.943720 0.015907 4 2 0
23.722084 -23.668438 -20.125839 0.000099 4 2 0
19.273207 -25.546453 7.745383 17.649490 2 1 4
16.422364 -24.587484 20.480217 4.723398 3 1 2
16.422363 -23.668438 22.511578 2.493808 4 2 0
16.422363 -26.418268 22.511578 0.256023 4 2 0
23.722060 -26.418265 -1.852614 9.464314 3 1 4
23.722084 -23.668438 4.238400 1.487087 4 2 0
23.722084 -26.418268 4.238400 1.262743 4 2 0
23.722084 -20.918608 4.238400 1.257813 4 2 0
23.722084 -26.418268 -1.852660 0.890203 4 2 0
16.902843 -26.418268 11.482140 3.998544 3 1 2
16.422363 -26.418268 10.329459 2.749731 4 2 0
16.422363 -23.668438 10.329459 0.000099 4 2 0
18.252721 -23.408501 17.853339 5.783419 3 1 2
16.422363 -26.418268 16.420519 1.980541 4 2 0
16.422363 -23.668438 16.420519 0.641426 4 2 0
17.229047 -15.571826 7.842882 15.889623 2 1 4
16.422363 -20.918594 10.329444 12.911180 3 1 5
16.422363 -18.168777 16.420519 0.641426 4 2 0
16.422363 -18.168777 22.511578 0.422551 4 2 0
16.422363 -20.918608 22.511578 0.256023 4 2 0
16.422363 -20.918608 16.420519 0.140667 4 2 0
16.422363 -20.918608 10.329459 0.011991 4 2 0
16.422363 -9.923746 1.095686 5.304117 3 1 6
16.422363 -9.919287 -1.852660 2.234706 4 2 0
16.422363 -9.919287 4.238400 2.161400 4 2 0
16.422363 -12.669117 4.238400 0.588430 4 2 0
16.422363 -7.169457 4.238400 0.552509 4 2 0
16.422363 -7.169457 -1.852660 0.014853 4 2 0
16.422363 -12.669117 -1.852660 0.000099 4 2 0
17.415581 -18.171004 9.614388 9.774019 3 1 3
16.422363 -18.168777 10.329459 2.737839 4 2 0
23.722084 -18.168777 4.238400 1.487087 4 2 0
16.422363 -15.418947 10.329459 0.011991 4 2 0
16.422363 -11.259729 10.329459 2.145264 3 1 2
16.422363 -9.919287 10.329459 0.748286 4 2 0
16.422363 -12.669117 10.329459 0.735877 4 2 0
