1.532476
0.000000 0.000000 0.000000 0.497653 0 0 4
-0.308395 -0.170733 -0.061734 0.210865 1 1 4
-0.300060 -0.204880 -0.123468 0.232964 2 1 2
-0.300060 -0.218539 -0.082312 0.200749 3 1 2
-0.350070 -0.245856 -0.164624 0.058108 4 1 2
-0.400080 -0.245856 -0.164624 0.000049 5 1 1
-0.400080 -0.245856 -0.164624 0.000049 6 2 0
-0.300060 -0.245856 -0.164624 0.008098 5 1 1
-0.300060 -0.245856 -0.164624 0.008098 6 2 0
-0.200040 -0.163904 0.082312 0.000524 4 1 1
-0.200040 -0.163904 0.082312 0.000524 5 1 1
-0.200040 -0.163904 0.082312 0.000524 6 2 0
-0.300060 -0.163904 -0.246936 0.010428 3 1 1
-0.300060 -0.163904 -0.246936 0.010428 4 1 1
-0.300060 -0.163904 -0.246936 0.010428 5 1 1
-0.300060 -0.163904 -0.246936 0.010428 6 2 0
-0.400080 -0.136587 -0.109749 0.133575 2 1 2
-0.400080 -0.122928 -0.164624 0.048895 3 1 2
-0.400080 -0.163904 -0.164624 0.004449 4 1 1
-0.400080 -0.163904 -0.164624 0.004449 5 1 1
-0.400080 -0.163904 -0.164624 0.004449 6 2 0
-0.400080 -0.081952 -0.164624 0.007919 4 1 1
-0.400080 -0.081952 -0.164624 0.007919 5 1 1
-0.400080 -0.081952 -0.164624 0.007919 6 2 0
-0.400080 -0.163904 0.000000 0.020477 3 1 1
-0.400080 -0.163904 0.000000 0.020477 4 1 1
-0.400080 -0.163904 0.000000 0.020477 5 1 1
-0.400080 -0.163904 0.000000 0.020477 6 2 0
-0.200040 -0.286832 -0.041156 0.077013 2 1 2
-0.200040 -0.327808 -0.082312 0.018936 3 1 1
-0.200040 -0.327808 -0.082312 0.018936 4 1 1
-0.200040 -0.327808 -0.082312 0.018936 5 1 1
-0.200040 -0.327808 -0.082312 0.018936 6 2 0
-0.200040 -0.245856 0.000000 0.002992 3 1 1
-0.200040 -0.245856 0.000000 0.002992 4 1 1
-0.200040 -0.245856 0.000000 0.002992 5 1 1
-0.200040 -0.245856 0.000000 0.002992 6 2 0
-0.300060 -0.081952 0.054875 0.117983 2 1 2
-0.400080 -0.081952 0.082312 0.012176 3 1 1
-0.400080 -0.081952 0.082312 0.012176 4 1 1
-0.400080 -0.081952 0.082312 0.012176 5 1 1
-0.400080 -0.081952 0.082312 0.012176 6 2 0
-0.250050 -0.081952 0.041156 0.073064 3 1 2
-0.300060 -0.081952 0.082312 0.008297 4 1 1
-0.300060 -0.081952 0.082312 0.008297 5 1 1
-0.300060 -0.081952 0.082312 0.008297 6 2 0
-0.200040 -0.081952 0.000000 0.003898 4 1 1
-0.200040 -0.081952 0.000000 0.003898 5 1 1
-0.200040 -0.081952 0.000000 0.003898 6 2 0
-0.132379 0.115697 -0.179150 0.312734 1 1 4
-0.212543 0.010244 -0.216069 0.175903 2 1 4
-0.300060 0.000000 -0.246936 0.114779 3 1 3
-0.300060 0.000000 -0.329248 0.032467 4 1 1
-0.300060 0.000000 -0.329248 0.032467 5 1 1
-0.300060 0.000000 -0.329248 0.032467 6 2 0
-0.300060 0.000000 -0.246936 0.039263 4 1 1
-0.300060 0.000000 -0.246936 0.039263 5 1 1
-0.300060 0.000000 -0.246936 0.039263 6 2 0
-0.300060 0.000000 -0.164624 0.008224 4 1 1
-0.300060 0.000000 -0.164624 0.008224 5 1 1
-0.300060 0.000000 -0.164624 0.008224 6 2 0
-0.200040 0.000000 -0.246936 0.052378 3 1 1
-0.200040 0.000000 -0.246936 0.052378 4 1 1
-0.200040 0.000000 -0.246936 0.052378 5 1 1
-0.200040 0.000000 -0.246936 0.052378 6 2 0
-0.100020 0.000000 -0.205780 0.072372 3 1 2
-0.100020 0.000000 -0.246936 0.003926 4 1 1
-0.100020 0.000000 -0.246936 0.003926 5 1 1
-0.100020 0.000000 -0.246936 0.003926 6 2 0
-0.100020 0.000000 -0.164624 0.031216 4 1 1
-0.100020 0.000000 -0.164624 0.031216 5 1 1
-0.100020 0.000000 -0.164624 0.031216 6 2 0
-0.200040 0.040976 -0.164624 0.067642 3 1 2
-0.200040 0.000000 -0.164624 0.026666 4 1 1
-0.200040 0.000000 -0.164624 0.026666 5 1 1
-0.200040 0.000000 -0.164624 0.026666 6 2 0
-0.200040 0.081952 -0.164624 0.001963 4 1 1
-0.200040 0.081952 -0.164624 0.001963 5 1 1
-0.200040 0.081952 -0.164624 0.001963 6 2 0
-0.140028 0.090147 -0.288092 0.203374 2 1 4
-0.200040 0.000000 -0.329248 0.006642 3 1 1
-0.200040 0.000000 -0.329248 0.006642 4 1 1
-0.200040 0.000000 -0.329248 0.006642 5 1 1
-0.200040 0.000000 -0.329248 0.006642 6 2 0
-0.225045 0.102440 -0.288092 0.125913 3 1 3
-0.300060 0.081952 -0.329248 0.037931 4 1 1
-0.300060 0.081952 -0.329248 0.037931 5 1 1
-0.300060 0.081952 -0.329248 0.037931 6 2 0
-0.200040 0.081952 -0.288092 0.094253 4 1 2
-0.200040 0.081952 -0.329248 0.053097 5 1 1
-0.200040 0.081952 -0.329248 0.053097 6 2 0
-0.200040 0.081952 -0.246936 0.029215 5 1 1
-0.200040 0.081952 -0.246936 0.029215 6 2 0
-0.200040 0.163904 -0.246936 0.005205 4 1 1
-0.200040 0.163904 -0.246936 0.005205 5 1 1
-0.200040 0.163904 -0.246936 0.005205 6 2 0
-0.075015 0.081952 -0.288092 0.127714 3 1 3
-0.000000 0.000000 -0.246936 0.009235 4 1 1
-0.000000 0.000000 -0.246936 0.009235 5 1 1
-0.000000 0.000000 -0.246936 0.009235 6 2 0
-0.100020 0.122928 -0.329248 0.052244 4 1 2
-0.100020 0.081952 -0.329248 0.011268 5 1 1
-0.100020 0.081952 -0.329248 0.011268 6 2 0
-0.100020 0.163904 -0.329248 0.007337 5 1 1
-0.100020 0.163904 -0.329248 0.007337 6 2 0
-0.100020 0.081952 -0.246936 0.043388 4 1 1
-0.100020 0.081952 -0.246936 0.043388 5 1 1
-0.100020 0.081952 -0.246936 0.043388 6 2 0
-0.000000 0.163904 -0.246936 0.009235 3 1 1
-0.000000 0.163904 -0.246936 0.009235 4 1 1
-0.000000 0.163904 -0.246936 0.009235 5 1 1
-0.000000 0.163904 -0.246936 0.009235 6 2 0
-0.120024 0.049171 -0.049387 0.184309 2 1 4
-0.200040 0.000000 -0.082312 0.009467 3 1 1
-0.200040 0.000000 -0.082312 0.009467 4 1 1
-0.200040 0.000000 -0.082312 0.009467 5 1 1
-0.200040 0.000000 -0.082312 0.009467 6 2 0
-0.100020 0.081952 -0.164624 0.016213 3 1 1
-0.100020 0.081952 -0.164624 0.016213 4 1 1
-0.100020 0.081952 -0.164624 0.016213 5 1 1
-0.100020 0.081952 -0.164624 0.016213 6 2 0
-0.100020 0.000000 -0.082312 0.016076 3 1 1
-0.100020 0.000000 -0.082312 0.016076 4 1 1
-0.100020 0.000000 -0.082312 0.016076 5 1 1
-0.100020 0.000000 -0.082312 0.016076 6 2 0
-0.100020 0.081952 0.041156 0.088281 3 1 2
-0.100020 0.081952 0.000000 0.016213 4 1 1
-0.100020 0.081952 0.000000 0.016213 5 1 1
-0.100020 0.081952 0.000000 0.016213 6 2 0
-0.100020 0.081952 0.082312 0.047125 4 1 1
-0.100020 0.081952 0.082312 0.047125 5 1 1
-0.100020 0.081952 0.082312 0.047125 6 2 0
-0.072742 0.245856 -0.112244 0.188284 2 1 4
-0.100020 0.191221 -0.137187 0.077374 3 1 2
-0.100020 0.204880 -0.164624 0.060550 4 1 2
-0.100020 0.163904 -0.164624 0.019574 5 1 1
-0.100020 0.163904 -0.164624 0.019574 6 2 0
-0.100020 0.245856 -0.164624 0.001563 5 1 1
-0.100020 0.245856 -0.164624 0.001563 6 2 0
-0.100020 0.163904 -0.082312 0.016076 4 1 1
-0.100020 0.163904 -0.082312 0.016076 5 1 1
-0.100020 0.163904 -0.082312 0.016076 6 2 0
-0.000000 0.273173 -0.219499 0.075785 3 1 3
-0.000000 0.245856 -0.246936 0.017207 4 1 1
-0.000000 0.245856 -0.246936 0.017207 5 1 1
-0.000000 0.245856 -0.246936 0.017207 6 2 0
-0.000000 0.245856 -0.164624 0.008811 4 1 1
-0.000000 0.245856 -0.164624 0.008811 5 1 1
-0.000000 0.245856 -0.164624 0.008811 6 2 0
-0.000000 0.327808 -0.246936 0.014648 4 1 1
-0.000000 0.327808 -0.246936 0.014648 5 1 1
-0.000000 0.327808 -0.246936 0.014648 6 2 0
-0.100020 0.218539 -0.027437 0.095695 3 1 3
-0.100020 0.163904 0.000000 0.031216 4 1 1
-0.100020 0.163904 0.000000 0.031216 5 1 1
-0.100020 0.163904 0.000000 0.031216 6 2 0
-0.100020 0.245856 -0.082312 0.034397 4 1 1
-0.100020 0.245856 -0.082312 0.034397 5 1 1
-0.100020 0.245856 -0.082312 0.034397 6 2 0
-0.100020 0.245856 0.000000 0.041766 4 1 1
-0.100020 0.245856 0.000000 0.041766 5 1 1
-0.100020 0.245856 0.000000 0.041766 6 2 0
-0.100020 0.327808 -0.041156 0.063594 3 1 2
-0.100020 0.327808 -0.082312 0.012684 4 1 1
-0.100020 0.327808 -0.082312 0.012684 5 1 1
-0.100020 0.327808 -0.082312 0.012684 6 2 0
-0.100020 0.327808 0.000000 0.022438 4 1 1
-0.100020 0.327808 0.000000 0.022438 5 1 1
-0.100020 0.327808 0.000000 0.022438 6 2 0
-0.009526 -0.109269 0.039196 0.316704 1 1 4
-0.066680 -0.273173 -0.027437 0.088976 2 1 3
-0.100020 -0.327808 -0.082312 0.004669 3 1 1
-0.100020 -0.327808 -0.082312 0.004669 4 1 1
-0.100020 -0.327808 -0.082312 0.004669 5 1 1
-0.100020 -0.327808 -0.082312 0.004669 6 2 0
-0.100020 -0.245856 0.000000 0.016877 3 1 1
-0.100020 -0.245856 0.000000 0.016877 4 1 1
-0.100020 -0.245856 0.000000 0.016877 5 1 1
-0.100020 -0.245856 0.000000 0.016877 6 2 0
-0.000000 -0.245856 0.000000 0.005518 3 1 1
-0.000000 -0.245856 0.000000 0.005518 4 1 1
-0.000000 -0.245856 0.000000 0.005518 5 1 1
-0.000000 -0.245856 0.000000 0.005518 6 2 0
-0.012503 -0.071708 -0.030867 0.224230 2 1 4
-0.050010 -0.081952 0.000000 0.062074 3 1 2
-0.100020 -0.081952 0.000000 0.012064 4 1 1
-0.100020 -0.081952 0.000000 0.012064 5 1 1
-0.100020 -0.081952 0.000000 0.012064 6 2 0
-0.000000 -0.081952 0.000000 0.008811 4 1 1
-0.000000 -0.081952 0.000000 0.008811 5 1 1
-0.000000 -0.081952 0.000000 0.008811 6 2 0
-0.100020 0.000000 0.000000 0.031216 3 1 1
-0.100020 0.000000 0.000000 0.031216 4 1 1
-0.100020 0.000000 0.000000 0.031216 5 1 1
-0.100020 0.000000 0.000000 0.031216 6 2 0
0.066680 -0.136587 -0.137187 0.099276 3 1 2
-0.000000 -0.081952 -0.164624 0.008811 4 1 1
-0.000000 -0.081952 -0.164624 0.008811 5 1 1
-0.000000 -0.081952 -0.164624 0.008811 6 2 0
0.100020 -0.163904 -0.123468 0.067769 4 1 2
0.100020 -0.163904 -0.164624 0.026613 5 1 1
0.100020 -0.163904 -0.164624 0.026613 6 2 0
0.100020 -0.163904 -0.082312 0.006264 5 1 1
0.100020 -0.163904 -0.082312 0.006264 6 2 0
-0.050010 0.000000 0.082312 0.076019 3 1 2
-0.100020 0.000000 0.082312 0.026009 4 1 1
-0.100020 0.000000 0.082312 0.026009 5 1 1
-0.100020 0.000000 0.082312 0.026009 6 2 0
-0.000000 0.000000 0.082312 0.009235 4 1 1
-0.000000 0.000000 0.082312 0.009235 5 1 1
-0.000000 0.000000 0.082312 0.009235 6 2 0
-0.080016 -0.131123 0.082312 0.164658 2 1 2
-0.133360 -0.109269 0.109749 0.101643 3 1 3
-0.200040 -0.081952 0.164624 0.011039 4 1 1
-0.200040 -0.081952 0.164624 0.011039 5 1 1
-0.200040 -0.081952 0.164624 0.011039 6 2 0
-0.100020 -0.163904 0.082312 0.032006 4 1 1
-0.100020 -0.163904 0.082312 0.032006 5 1 1
-0.100020 -0.163904 0.082312 0.032006 6 2 0
-0.100020 -0.081952 0.082312 0.001044 4 1 1
-0.100020 -0.081952 0.082312 0.001044 5 1 1
-0.100020 -0.081952 0.082312 0.001044 6 2 0
-0.000000 -0.163904 0.041156 0.065994 3 1 2
-0.000000 -0.163904 0.000000 0.024838 4 1 1
-0.000000 -0.163904 0.000000 0.024838 5 1 1
-0.000000 -0.163904 0.000000 0.024838 6 2 0
-0.000000 -0.163904 0.082312 0.009891 4 1 1
-0.000000 -0.163904 0.082312 0.009891 5 1 1
-0.000000 -0.163904 0.082312 0.009891 6 2 0
0.100020 -0.049171 0.148162 0.227064 2 1 3
-0.100020 0.000000 0.164624 0.020412 3 1 1
-0.100020 0.000000 0.164624 0.020412 4 1 1
-0.100020 0.000000 0.164624 0.020412 5 1 1
-0.100020 0.000000 0.164624 0.020412 6 2 0
0.200040 -0.081952 0.246936 0.020360 3 1 1
0.200040 -0.081952 0.246936 0.020360 4 1 1
0.200040 -0.081952 0.246936 0.020360 5 1 1
0.200040 -0.081952 0.246936 0.020360 6 2 0
0.133360 -0.054635 0.109749 0.093597 3 1 3
0.100020 -0.081952 0.082312 0.006961 4 1 1
0.100020 -0.081952 0.082312 0.006961 5 1 1
0.100020 -0.081952 0.082312 0.006961 6 2 0
0.200040 -0.081952 0.082312 0.008195 4 1 1
0.200040 -0.081952 0.082312 0.008195 5 1 1
0.200040 -0.081952 0.082312 0.008195 6 2 0
0.100020 0.000000 0.164624 0.009290 4 1 1
0.100020 0.000000 0.164624 0.009290 5 1 1
0.100020 0.000000 0.164624 0.009290 6 2 0
0.198345 0.155570 -0.008371 0.376395 1 1 4
0.162532 0.071708 -0.277803 0.220905 2 1 4
0.100020 -0.081952 -0.246936 0.011972 3 1 1
0.100020 -0.081952 -0.246936 0.011972 4 1 1
0.100020 -0.081952 -0.246936 0.011972 5 1 1
0.100020 -0.081952 -0.246936 0.011972 6 2 0
0.125025 0.163904 -0.308670 0.116976 3 1 2
0.133360 0.136587 -0.301811 0.094414 4 1 3
0.100020 0.081952 -0.329248 0.003120 5 1 1
0.100020 0.081952 -0.329248 0.003120 6 2 0
0.100020 0.163904 -0.329248 0.019883 5 1 1
0.100020 0.163904 -0.329248 0.019883 6 2 0
0.200040 0.163904 -0.246936 0.003840 5 1 1
0.200040 0.163904 -0.246936 0.003840 6 2 0
0.100020 0.245856 -0.329248 0.028858 4 1 1
0.100020 0.245856 -0.329248 0.028858 5 1 1
0.100020 0.245856 -0.329248 0.028858 6 2 0
0.200040 -0.040976 -0.288092 0.066364 3 1 2
0.200040 0.000000 -0.329248 0.008288 4 1 1
0.200040 0.000000 -0.329248 0.008288 5 1 1
0.200040 0.000000 -0.329248 0.008288 6 2 0
0.200040 -0.081952 -0.246936 0.001535 4 1 1
0.200040 -0.081952 -0.246936 0.001535 5 1 1
0.200040 -0.081952 -0.246936 0.001535 6 2 0
0.300060 0.081952 -0.164624 0.016213 3 1 1
0.300060 0.081952 -0.164624 0.016213 4 1 1
0.300060 0.081952 -0.164624 0.016213 5 1 1
0.300060 0.081952 -0.164624 0.016213 6 2 0
-0.000000 0.210734 -0.035277 0.369809 2 1 2
-0.016670 0.232197 -0.027437 0.253679 3 1 4
-0.100020 0.204880 0.082312 0.064828 4 1 2
-0.100020 0.163904 0.082312 0.023852 5 1 1
-0.100020 0.163904 0.082312 0.023852 6 2 0
-0.100020 0.245856 0.082312 0.000307 5 1 1
-0.100020 0.245856 0.082312 0.000307 6 2 0
0.050010 0.286832 -0.205780 0.098053 4 1 2
-0.000000 0.327808 -0.164624 0.021412 5 1 1
-0.000000 0.327808 -0.164624 0.021412 6 2 0
0.100020 0.245856 -0.246936 0.004716 5 1 1
0.100020 0.245856 -0.246936 0.004716 6 2 0
-0.000000 0.163904 0.082312 0.009235 4 1 1
-0.000000 0.163904 0.082312 0.009235 5 1 1
-0.000000 0.163904 0.082312 0.009235 6 2 0
-0.000000 0.245856 0.000000 0.008811 4 1 1
-0.000000 0.245856 0.000000 0.008811 5 1 1
-0.000000 0.245856 0.000000 0.008811 6 2 0
0.100020 0.081952 -0.082312 0.200100 3 1 1
0.100020 0.081952 -0.082312 0.200100 4 1 1
0.100020 0.081952 -0.082312 0.200100 5 1 1
0.100020 0.081952 -0.082312 0.200100 6 2 0
0.247418 0.051759 0.108305 0.237182 2 1 4
0.250050 -0.040976 -0.041156 0.092717 3 1 2
0.200040 -0.081952 0.000000 0.008811 4 1 1
0.200040 -0.081952 0.000000 0.008811 5 1 1
0.200040 -0.081952 0.000000 0.008811 6 2 0
0.300060 0.000000 -0.082312 0.016076 4 1 1
0.300060 0.000000 -0.082312 0.016076 5 1 1
0.300060 0.000000 -0.082312 0.016076 6 2 0
0.100020 0.122928 0.164624 0.084575 3 1 2
0.100020 0.163904 0.164624 0.043599 4 1 1
0.100020 0.163904 0.164624 0.043599 5 1 1
0.100020 0.163904 0.164624 0.043599 6 2 0
0.100020 0.081952 0.164624 0.033697 4 1 1
0.100020 0.081952 0.164624 0.033697 5 1 1
0.100020 0.081952 0.164624 0.033697 6 2 0
0.312563 0.030732 0.051445 0.134098 3 1 4
0.200040 0.000000 0.082312 0.009235 4 1 1
0.200040 0.000000 0.082312 0.009235 5 1 1
0.200040 0.000000 0.082312 0.009235 6 2 0
0.333400 0.027317 0.000000 0.080217 4 1 2
0.350070 0.000000 0.000000 0.067288 5 1 2
0.300060 0.000000 0.000000 0.017278 6 2 0
0.400080 0.000000 0.000000 0.000040 6 2 0
0.300060 0.081952 0.000000 0.016213 5 1 1
0.300060 0.081952 0.000000 0.016213 6 2 0
0.300060 0.000000 0.123468 0.106190 4 1 2
0.300060 0.000000 0.082312 0.065034 5 1 1
0.300060 0.000000 0.082312 0.065034 6 2 0
0.300060 0.000000 0.164624 0.016156 5 1 1
0.300060 0.000000 0.164624 0.016156 6 2 0
0.350070 0.081952 0.041156 0.081686 4 1 2
0.300060 0.081952 0.082312 0.016918 5 1 1
0.300060 0.081952 0.082312 0.016918 6 2 0
0.400080 0.081952 0.000000 0.014560 5 1 1
0.400080 0.081952 0.000000 0.014560 6 2 0
0.214329 0.081952 0.199901 0.105988 3 1 4
0.200040 0.000000 0.164624 0.015629 4 1 1
0.200040 0.000000 0.164624 0.015629 5 1 1
0.200040 0.000000 0.164624 0.015629 6 2 0
0.250050 0.081952 0.164624 0.116333 4 1 2
0.200040 0.081952 0.164624 0.066323 5 1 1
0.200040 0.081952 0.164624 0.066323 6 2 0
0.300060 0.081952 0.164624 0.000805 5 1 1
0.300060 0.081952 0.164624 0.000805 6 2 0
0.200040 0.000000 0.246936 0.001470 4 1 1
0.200040 0.000000 0.246936 0.001470 5 1 1
0.200040 0.000000 0.246936 0.001470 6 2 0
0.200040 0.136587 0.219499 0.076927 4 1 3
0.200040 0.163904 0.164624 0.015629 5 1 1
0.200040 0.163904 0.164624 0.015629 6 2 0
0.200040 0.081952 0.246936 0.014195 5 1 1
0.200040 0.081952 0.246936 0.014195 6 2 0
0.200040 0.163904 0.246936 0.007670 5 1 1
0.200040 0.163904 0.246936 0.007670 6 2 0
0.228046 0.245856 -0.003292 0.272046 2 1 4
0.075015 0.266344 0.082312 0.120539 3 1 3
-0.000000 0.245856 0.082312 0.014200 4 1 1
-0.000000 0.245856 0.082312 0.014200 5 1 1
-0.000000 0.245856 0.082312 0.014200 6 2 0
0.100020 0.327808 0.000000 0.014812 4 1 1
0.100020 0.327808 0.000000 0.014812 5 1 1
0.100020 0.327808 0.000000 0.014812 6 2 0
0.100020 0.245856 0.123468 0.073361 4 1 2
0.100020 0.245856 0.082312 0.032205 5 1 1
0.100020 0.245856 0.082312 0.032205 6 2 0
0.100020 0.245856 0.164624 0.014206 5 1 1
0.100020 0.245856 0.164624 0.014206 6 2 0
0.281875 0.230956 -0.097278 0.214841 3 1 3
0.200040 0.273173 -0.137187 0.134753 4 1 2
0.250050 0.245856 -0.164624 0.058821 5 1 2
0.200040 0.245856 -0.164624 0.008811 6 2 0
0.300060 0.245856 -0.164624 0.000828 6 2 0
0.100020 0.327808 -0.082312 0.008261 5 1 1
0.100020 0.327808 -0.082312 0.008261 6 2 0
0.350070 0.143416 -0.102890 0.110576 4 1 4
0.300060 0.163904 -0.164624 0.028528 5 1 1
0.300060 0.163904 -0.164624 0.028528 6 2 0
0.300060 0.163904 -0.082312 0.016076 5 1 1
0.300060 0.163904 -0.082312 0.016076 6 2 0
0.400080 0.081952 -0.082312 0.021638 5 1 1
0.400080 0.081952 -0.082312 0.021638 6 2 0
0.400080 0.163904 -0.082312 0.019754 5 1 1
0.400080 0.163904 -0.082312 0.019754 6 2 0
0.275055 0.286832 -0.061734 0.110740 4 1 2
0.250050 0.327808 -0.082312 0.063934 5 1 2
0.200040 0.327808 -0.082312 0.013924 6 2 0
0.300060 0.327808 -0.082312 0.006009 6 2 0
0.300060 0.245856 -0.041156 0.099668 5 1 2
0.300060 0.245856 -0.082312 0.058512 6 2 0
0.300060 0.245856 0.000000 0.023800 6 2 0
0.233380 0.204880 0.068593 0.139092 3 1 4
0.200040 0.163904 0.082312 0.009235 4 1 1
0.200040 0.163904 0.082312 0.009235 5 1 1
0.200040 0.163904 0.082312 0.009235 6 2 0
0.200040 0.245856 0.041156 0.093978 4 1 2
0.200040 0.245856 0.000000 0.008811 5 1 1
0.200040 0.245856 0.000000 0.008811 6 2 0
0.200040 0.245856 0.082312 0.052822 5 1 1
0.200040 0.245856 0.082312 0.052822 6 2 0
0.300060 0.163904 0.041156 0.072372 4 1 2
0.300060 0.163904 0.000000 0.031216 5 1 1
0.300060 0.163904 0.000000 0.031216 6 2 0
0.300060 0.163904 0.082312 0.019574 5 1 1
0.300060 0.163904 0.082312 0.019574 6 2 0
0.200040 0.245856 0.164624 0.029490 4 1 1
0.200040 0.245856 0.164624 0.029490 5 1 1
0.200040 0.245856 0.164624 0.029490 6 2 0
0.225045 0.327808 0.061734 0.121201 3 1 3
0.200040 0.327808 0.000000 0.037493 4 1 1
0.200040 0.327808 0.000000 0.037493 5 1 1
0.200040 0.327808 0.000000 0.037493 6 2 0
0.200040 0.327808 0.123468 0.070286 4 1 2
0.200040 0.327808 0.082312 0.029130 5 1 1
0.200040 0.327808 0.082312 0.029130 6 2 0
0.200040 0.327808 0.164624 0.010073 5 1 1
0.200040 0.327808 0.164624 0.010073 6 2 0
0.300060 0.327808 0.000000 0.024050 4 1 1
0.300060 0.327808 0.000000 0.024050 5 1 1
0.300060 0.327808 0.000000 0.024050 6 2 0
