98.968603
0.000000 0.000000 0.000000 50.081825 0 0 4
-21.922800 -21.994308 -5.569683 31.221434 1 1 4
-34.675678 -26.418263 4.238340 11.293726 2 1 4
-34.675675 -26.418268 -1.852654 2.733930 3 1 1
-34.675678 -26.418268 -1.852660 2.733923 4 1 1
-34.675678 -26.418268 -1.852660 2.733923 5 1 1
-34.675678 -26.418268 -1.852660 2.733923 6 1 1
-34.675678 -26.418268 -1.852660 2.733923 7 2 0
-34.675678 -26.079938 -1.852656 6.263659 3 1 2
-34.675678 -20.918616 -1.852660 2.765729 4 1 1
-34.675678 -23.668438 -1.852660 0.015907 5 1 1
-34.675678 -23.668438 -1.852660 0.015907 6 1 1
-34.675678 -23.668438 -1.852660 0.015907 7 2 0
-34.675678 -20.918616 -1.852660 1.102337 4 1 1
-34.675678 -20.918608 -1.852660 1.102328 5 1 1
-34.675678 -20.918608 -1.852660 1.102328 6 1 1
-34.675678 -20.918608 -1.852660 1.102328 7 2 0
-28.182033 -26.418268 5.404542 6.776932 3 1 2
-27.375957 -26.418268 4.238400 2.749929 4 1 2
-27.375957 -26.418268 4.238400 2.749929 5 1 1
-27.375957 -23.668438 4.238400 0.000099 6 1 1
-27.375957 -23.668438 4.238400 0.000099 7 2 0
-27.375957 -26.418268 4.238400 2.749731 5 1 1
-27.375957 -26.418268 4.238400 2.749731 6 1 1
-27.375957 -26.418268 4.238400 2.749731 7 2 0
-27.375957 -26.418268 10.329398 1.786545 4 1 1
-27.375957 -26.418268 10.329459 1.786484 5 1 1
-27.375957 -26.418268 10.329459 1.786484 6 1 1
-27.375957 -26.418268 10.329459 1.786484 7 2 0
-34.675630 -20.918649 4.238406 6.986706 3 1 2
-34.675678 -25.373946 4.238400 2.968245 4 1 2
-34.675678 -23.668516 4.238400 1.262815 5 1 1
-34.675678 -23.668438 4.238400 1.262737 6 1 1
-34.675678 -23.668438 4.238400 1.262737 7 2 0
-34.675678 -26.418239 4.238400 1.487115 5 1 1
-34.675678 -26.418268 4.238400 1.487086 6 1 1
-34.675678 -26.418268 4.238400 1.487086 7 2 0
-34.675678 -19.874445 4.238400 2.968405 4 1 2
-34.675678 -18.168855 4.238400 1.262815 5 1 1
-34.675678 -18.168777 4.238400 1.262737 6 1 1
-34.675678 -18.168777 4.238400 1.262737 7 2 0
-34.675678 -20.918579 4.238400 1.487122 5 1 1
-34.675678 -20.918608 4.238400 1.487093 6 1 1
-34.675678 -20.918608 4.238400 1.487093 7 2 0
-27.125071 -21.061616 -8.005718 13.417497 2 1 4
-34.675678 -26.418268 -7.943720 0.890203 3 1 1
-34.675678 -26.418268 -7.943720 0.890203 4 1 1
-34.675678 -26.418268 -7.943720 0.890203 5 1 1
-34.675678 -26.418268 -7.943720 0.890203 6 1 1
-34.675678 -26.418268 -7.943720 0.890203 7 2 0
-27.444287 -20.888827 -7.886704 11.832234 3 1 3
-34.675641 -17.737063 -1.852691 2.079216 4 1 1
-34.675678 -18.168777 -1.852660 1.647502 5 1 1
-34.675678 -18.168777 -1.852660 1.647502 6 1 1
-34.675678 -18.168777 -1.852660 1.647502 7 2 0
-34.675678 -17.737047 -1.852660 3.258948 4 1 1
-34.675678 -15.418947 -1.852660 0.940848 5 1 1
-34.675678 -15.418947 -1.852660 0.940848 6 1 1
-34.675678 -15.418947 -1.852660 0.940848 7 2 0
-27.375957 -20.918608 -7.943720 8.249392 4 1 1
-27.375957 -20.918608 -7.943720 8.249392 5 1 1
-27.375957 -20.918608 -7.943720 8.249392 6 1 1
-27.375957 -20.918608 -7.943720 8.249392 7 2 0
-20.076237 -26.113039 -14.034779 9.591763 3 1 3
-20.076237 -20.578311 -14.034780 1.442625 4 1 1
-20.076237 -20.918608 -14.034780 1.102328 5 1 1
-20.076237 -20.918608 -14.034780 1.102328 6 1 1
-20.076237 -20.918608 -14.034780 1.102328 7 2 0
-20.076237 -18.970009 -14.034780 2.448733 4 1 1
-20.076237 -18.168777 -14.034780 1.647502 5 1 1
-20.076237 -18.168777 -14.034780 1.647502 6 1 1
-20.076237 -18.168777 -14.034780 1.647502 7 2 0
-20.076237 -26.418268 -14.034780 3.341329 4 1 2
-20.076237 -23.668499 -14.034780 0.591559 5 1 1
-20.076237 -23.668438 -14.034780 0.591498 6 1 1
-20.076237 -23.668438 -14.034780 0.591498 7 2 0
-20.076237 -26.418268 -14.034780 1.183445 5 1 1
-20.076237 -26.418268 -14.034780 1.183445 6 1 1
-20.076237 -26.418268 -14.034780 1.183445 7 2 0
-24.262764 -15.094555 -6.871338 8.539193 3 1 2
-27.375939 -12.562957 -1.852675 3.330316 4 1 2
-27.375957 -12.669117 -1.852660 2.005125 5 1 1
-27.375957 -12.669117 -1.852660 2.005125 6 1 1
-27.375957 -12.669117 -1.852660 2.005125 7 2 0
-27.375957 -9.919348 -1.852660 0.686707 5 1 1
-27.375957 -9.919287 -1.852660 0.686646 6 1 1
-27.375957 -9.919287 -1.852660 0.686646 7 2 0
-20.076237 -15.418860 -7.943719 3.299987 4 1 2
-20.076237 -12.669194 -7.943720 0.550320 5 1 1
-20.076237 -12.669117 -7.943720 0.550243 6 1 1
-20.076237 -12.669117 -7.943720 0.550243 7 2 0
-20.076237 -15.418947 -7.943720 0.636467 5 1 1
-20.076237 -15.418947 -7.943720 0.636467 6 1 1
-20.076237 -15.418947 -7.943720 0.636467 7 2 0
-15.282084 -24.253605 -3.067595 25.183813 2 1 4
-20.076198 -26.418268 -7.943754 8.345265 3 1 3
-20.076237 -26.418268 -1.852660 2.254172 4 1 1
-20.076237 -26.418268 -1.852660 2.254172 5 1 1
-20.076237 -26.418268 -1.852660 2.254172 6 1 1
-20.076237 -26.418268 -1.852660 2.254172 7 2 0
-20.076237 -26.418268 -7.943720 0.890203 4 1 1
-20.076237 -26.418268 -7.943720 0.890203 5 1 1
-20.076237 -26.418268 -7.943720 0.890203 6 1 1
-20.076237 -26.418268 -7.943720 0.890203 7 2 0
-20.076237 -23.668486 -1.852660 0.495707 4 1 1
-20.076237 -23.668438 -1.852660 0.495659 5 1 1
-20.076237 -23.668438 -1.852660 0.495659 6 1 1
-20.076237 -23.668438 -1.852660 0.495659 7 2 0
-8.903707 -23.754778 -16.980766 10.151728 3 1 4
-12.776517 -23.668438 -20.125839 5.050748 4 1 2
-12.776517 -20.938953 -20.125839 3.178397 5 1 2
-12.776517 -23.668391 -20.125839 0.448959 6 1 1
-12.776517 -23.668438 -20.125839 0.448912 7 2 0
-12.776517 -20.918608 -20.125839 2.300918 6 1 1
-12.776517 -20.918608 -20.125839 2.300918 7 2 0
-12.776517 -26.418193 -20.125839 2.300993 5 1 1
-12.776517 -26.418268 -20.125839 2.300918 6 1 1
-12.776517 -26.418268 -20.125839 2.300918 7 2 0
-12.776517 -23.651844 -15.706667 6.377675 4 1 2
-12.776517 -18.168821 -14.034780 0.645422 5 1 1
-12.776517 -18.168777 -14.034780 0.645378 6 1 1
-12.776517 -18.168777 -14.034780 0.645378 7 2 0
-12.776517 -23.668438 -14.034780 4.007642 5 1 1
-12.776517 -23.668438 -14.034780 4.007642 6 1 1
-12.776517 -23.668438 -14.034780 4.007642 7 2 0
-5.476797 -26.418249 -14.034821 6.683086 4 1 3
-5.476797 -23.668438 -14.034780 0.591498 5 1 1
-5.476797 -23.668438 -14.034780 0.591498 6 1 1
-5.476797 -23.668438 -14.034780 0.591498 7 2 0
-5.476797 -21.223910 -14.034780 1.488748 5 1 1
-5.476797 -20.918608 -14.034780 1.183445 6 1 1
-5.476797 -20.918608 -14.034780 1.183445 7 2 0
-5.476797 -26.418268 -14.034780 1.183445 5 1 1
-5.476797 -26.418268 -14.034780 1.183445 6 1 1
-5.476797 -26.418268 -14.034780 1.183445 7 2 0
-5.476797 -23.632609 -20.048711 8.770699 4 1 3
-5.476797 -23.659564 -20.116012 5.490895 5 1 1
-5.476797 -18.168777 -20.125839 0.000099 6 1 1
-5.476797 -18.168777 -20.125839 0.000099 7 2 0
-5.476797 -23.668438 -20.125839 5.499561 5 1 1
-5.476797 -23.668438 -20.125839 5.499561 6 1 1
-5.476797 -23.668438 -20.125839 5.499561 7 2 0
-5.476797 -18.168805 -14.034810 0.645419 5 1 1
-5.476797 -18.168777 -14.034780 0.645378 6 1 1
-5.476797 -18.168777 -14.034780 0.645378 7 2 0
-12.231372 -26.418266 2.873739 4.207997 3 1 2
-12.776517 -26.418268 4.238400 2.761180 4 1 1
-12.776517 -23.668438 4.238400 0.011350 5 1 1
-12.776517 -23.668438 4.238400 0.011350 6 1 1
-12.776517 -23.668438 4.238400 0.011350 7 2 0
-12.776517 -26.418268 4.238400 2.738481 4 1 1
-12.776517 -26.418268 4.238400 2.738481 5 1 1
-12.776517 -26.418268 4.238400 2.738481 6 1 1
-12.776517 -26.418268 4.238400 2.738481 7 2 0
-12.776511 -23.644455 -1.852680 8.993810 3 1 4
-12.778103 -26.396806 -7.942396 2.322479 4 1 1
-12.776517 -26.418268 -7.943720 2.300918 5 1 1
-12.776517 -26.418268 -7.943720 2.300918 6 1 1
-12.776517 -26.418268 -7.943720 2.300918 7 2 0
-12.777310 -23.647870 -7.943058 5.928005 4 1 3
-12.776517 -20.918608 -7.943720 2.300918 5 1 1
-12.776517 -20.918608 -7.943720 2.300918 6 1 1
-12.776517 -20.918608 -7.943720 2.300918 7 2 0
-12.776517 -20.898344 -7.943720 3.178479 5 1 1
-12.776517 -18.168777 -7.943720 0.448912 6 1 1
-12.776517 -18.168777 -7.943720 0.448912 7 2 0
-12.776517 -23.668391 -7.943720 0.448960 5 1 1
-12.776517 -23.668438 -7.943720 0.448912 6 1 1
-12.776517 -23.668438 -7.943720 0.448912 7 2 0
-12.776517 -23.668438 -1.852660 3.944526 4 1 1
-12.776517 -23.668438 -1.852660 3.944526 5 1 1
-12.776517 -23.668438 -1.852660 3.944526 6 1 1
-12.776517 -23.668438 -1.852660 3.944526 7 2 0
-12.776517 -18.168823 -1.852669 7.939156 4 1 2
-20.076192 -20.918591 -1.852660 0.138740 5 1 1
-20.076237 -20.918608 -1.852660 0.138693 6 1 1
-20.076237 -20.918608 -1.852660 0.138693 7 2 0
-12.776517 -18.168777 -1.852660 0.645378 5 1 1
-12.776517 -18.168777 -1.852660 0.645378 6 1 1
-12.776517 -18.168777 -1.852660 0.645378 7 2 0
-20.622692 -18.988663 5.808591 21.274824 2 1 4
-27.375954 -23.507777 15.989008 12.946695 3 1 4
-21.857460 -26.327316 22.511577 7.305730 4 1 3
-27.375957 -26.418268 22.511578 1.786483 5 1 1
-27.375957 -26.418268 22.511578 1.786483 6 1 1
-27.375957 -26.418268 22.511578 1.786483 7 2 0
-20.076237 -26.418268 22.511578 6.981261 5 1 2
-20.076237 -26.418268 16.420569 0.890253 6 1 1
-20.076237 -26.418268 16.420519 0.890202 7 2 0
-20.076237 -26.418268 22.511578 2.733922 6 1 1
-20.076237 -26.418268 22.511578 2.733922 7 2 0
-20.076237 -23.668468 22.511578 0.015938 5 1 1
-20.076237 -23.668438 22.511578 0.015908 6 1 1
-20.076237 -23.668438 22.511578 0.015908 7 2 0
-27.375955 -18.168817 16.420523 0.603178 4 1 1
-27.375957 -18.168777 16.420519 0.603138 5 1 1
-27.375957 -18.168777 16.420519 0.603138 6 1 1
-27.375957 -18.168777 16.420519 0.603138 7 2 0
-26.312707 -24.176995 17.554922 6.532372 4 1 2
-27.375957 -23.668438 16.420519 4.896523 5 1 1
-27.375957 -23.668438 16.420519 4.896523 6 1 1
-27.375957 -23.668438 16.420519 4.896523 7 2 0
-27.375957 -23.668438 22.511532 0.963393 5 1 1
-27.375957 -23.668438 22.511578 0.963347 6 1 1
-27.375957 -23.668438 22.511578 0.963347 7 2 0
-23.761752 -19.818400 22.397714 5.686961 4 1 3
-27.375957 -20.916263 22.511578 2.916942 5 1 2
-27.375957 -18.168819 22.511578 0.169499 6 1 1
-27.375957 -18.168777 22.511578 0.169457 7 2 0
-27.375957 -20.918608 22.511578 1.786483 6 1 1
-27.375957 -20.918608 22.511578 1.786483 7 2 0
-20.076237 -20.918536 22.511578 1.102401 5 1 1
-20.076237 -20.918608 22.511578 1.102330 6 1 1
-20.076237 -20.918608 22.511578 1.102330 7 2 0
-20.076237 -18.168784 22.511578 1.647507 5 1 1
-20.076237 -18.168777 22.511578 1.647501 6 1 1
-20.076237 -18.168777 22.511578 1.647501 7 2 0
-25.976306 -17.221203 7.516228 13.096043 3 1 3
-27.375944 -18.454924 4.238462 3.937694 4 1 3
-27.375957 -20.918541 4.238400 0.901783 5 1 1
-27.375957 -20.918608 4.238400 0.901717 6 1 1
-27.375957 -20.918608 4.238400 0.901717 7 2 0
-27.375957 -17.882619 4.238400 2.134272 5 1 1
-27.375957 -18.168777 4.238400 1.848113 6 1 1
-27.375957 -18.168777 4.238400 1.848113 7 2 0
-27.375957 -17.882619 4.238400 3.365389 5 1 1
-27.375957 -15.418947 4.238400 0.901717 6 1 1
-27.375957 -15.418947 4.238400 0.901717 7 2 0
-24.827635 -16.645219 2.112019 8.480428 4 1 3
-27.375911 -12.358054 4.238361 2.885370 5 1 2
-27.375957 -12.669117 4.238400 0.887199 6 1 1
-27.375957 -12.669117 4.238400 0.887199 7 2 0
-27.375957 -9.919355 4.238400 0.446671 6 1 1
-27.375957 -9.919287 4.238400 0.446602 7 2 0
-20.076237 -18.168777 -1.852660 0.730640 5 1 1
-20.076237 -18.168777 -1.852660 0.730640 6 1 1
-20.076237 -18.168777 -1.852660 0.730640 7 2 0
-20.076238 -14.487927 -1.852659 2.943705 5 1 2
-20.076237 -15.418928 -1.852660 1.406244 6 1 1
-20.076237 -15.418947 -1.852660 1.406225 7 2 0
-20.076237 -12.669190 -1.852660 1.124968 6 1 1
-20.076237 -12.669117 -1.852660 1.124895 7 2 0
-27.375957 -18.168778 10.329455 3.135018 4 1 1
-27.375957 -18.168777 10.329459 3.135013 5 1 1
-27.375957 -18.168777 10.329459 3.135013 6 1 1
-27.375957 -18.168777 10.329459 3.135013 7 2 0
-22.550947 -22.343751 9.892821 12.729049 3 1 4
-27.375949 -23.668441 10.329459 0.963356 4 1 1
-27.375957 -23.668438 10.329459 0.963346 5 1 1
-27.375957 -23.668438 10.329459 0.963346 6 1 1
-27.375957 -23.668438 10.329459 0.963346 7 2 0
-20.107051 -20.930215 4.264111 7.395092 4 1 2
-20.076237 -20.918608 4.238400 5.952367 5 1 1
-20.076237 -20.918608 4.238400 5.952367 6 1 1
-20.076237 -20.918608 4.238400 5.952367 7 2 0
-20.076237 -18.168793 10.329424 0.730678 5 1 1
-20.076237 -18.168777 10.329459 0.730640 6 1 1
-20.076237 -18.168777 10.329459 0.730640 7 2 0
-20.076237 -26.389341 10.329459 5.609426 4 1 2
-20.076237 -23.609533 10.329459 2.829618 5 1 2
-20.076237 -23.668438 10.329459 0.495659 6 1 1
-20.076237 -23.668438 10.329459 0.495659 7 2 0
-20.076237 -20.918660 10.329459 0.138745 6 1 1
-20.076237 -20.918608 10.329459 0.138693 7 2 0
-20.076237 -26.418268 10.329459 2.254172 5 1 1
-20.076237 -26.418268 10.329459 2.254172 6 1 1
-20.076237 -26.418268 10.329459 2.254172 7 2 0
-13.786436 -20.540775 5.081056 2.715842 4 1 1
-12.776517 -20.918608 4.238400 1.347353 5 1 1
-12.776517 -20.918608 4.238400 1.347353 6 1 1
-12.776517 -20.918608 4.238400 1.347353 7 2 0
-20.070876 -13.143428 11.388029 12.029786 3 1 4
-20.076237 -12.669117 4.238400 9.786102 4 1 2
-20.076237 -12.667058 4.238400 2.900371 5 1 2
-20.076237 -12.669117 4.238400 1.680185 6 1 1
-20.076237 -12.669117 4.238400 1.680185 7 2 0
-20.076237 -9.919326 4.238400 0.152639 6 1 1
-20.076237 -9.919287 4.238400 0.152599 7 2 0
-12.776517 -18.168777 4.238400 0.646508 5 1 1
-12.776517 -18.168777 4.238400 0.646508 6 1 1
-12.776517 -18.168777 4.238400 0.646508 7 2 0
-20.076237 -12.667548 9.846890 5.767555 4 1 2
-20.076237 -7.169499 10.329459 0.248369 5 1 1
-20.076237 -7.169457 10.329459 0.248327 6 1 1
-20.076237 -7.169457 10.329459 0.248327 7 2 0
-20.076237 -12.669117 10.329459 3.806458 5 1 1
-20.076237 -12.669117 10.329459 3.806458 6 1 1
-20.076237 -12.669117 10.329459 3.806458 7 2 0
-18.055543 -16.180149 13.051421 4.891883 4 1 1
-20.076237 -15.418947 16.420519 0.890202 5 1 1
-20.076237 -15.418947 16.420519 0.890202 6 1 1
-20.076237 -15.418947 16.420519 0.890202 7 2 0
-20.076236 -11.323344 16.420468 7.419477 4 1 4
-20.076237 -15.418926 22.511546 0.079517 5 1 1
-20.076237 -15.418947 22.511578 0.079478 6 1 1
-20.076237 -15.418947 22.511578 0.079478 7 2 0
-20.076237 -8.145030 16.420519 1.596851 5 1 1
-20.076237 -7.169457 16.420519 0.621278 6 1 1
-20.076237 -7.169457 16.420519 0.621278 7 2 0
-20.076237 -12.670689 16.424001 0.961284 5 1 1
-20.076237 -12.669117 16.420519 0.957464 6 1 1
-20.076237 -12.669117 16.420519 0.957464 7 2 0
-20.076237 -8.145030 16.420519 2.283236 5 1 1
-20.076237 -9.919287 16.420519 0.508980 6 1 1
-20.076237 -9.919287 16.420519 0.508980 7 2 0
-29.131639 -15.251154 -17.884934 18.064299 1 1 4
-34.675677 -21.905109 -20.125838 10.314793 2 1 4
-34.675678 -26.418268 -20.125833 2.067489 3 1 1
-34.675678 -26.418268 -20.125839 2.067483 4 1 1
-34.675678 -26.418268 -20.125839 2.067483 5 1 1
-34.675678 -26.418268 -20.125839 2.067483 6 1 1
-34.675678 -26.418268 -20.125839 2.067483 7 2 0
-34.675678 -20.918608 -20.125839 3.432177 3 1 1
-34.675678 -20.918608 -20.125839 3.432177 4 1 1
-34.675678 -20.918608 -20.125839 3.432177 5 1 1
-34.675678 -20.918608 -20.125839 3.432177 6 1 1
-34.675678 -20.918608 -20.125839 3.432177 7 2 0
-34.675678 -26.418268 -15.873734 4.572877 3 1 1
-34.675678 -26.418268 -14.034780 2.733923 4 1 1
-34.675678 -26.418268 -14.034780 2.733923 5 1 1
-34.675678 -26.418268 -14.034780 2.733923 6 1 1
-34.675678 -26.418268 -14.034780 2.733923 7 2 0
-34.675678 -20.918626 -14.034831 2.765755 3 1 3
-34.675678 -20.918617 -14.034780 2.765728 4 1 1
-34.675678 -23.668438 -14.034780 0.015907 5 1 1
-34.675678 -23.668438 -14.034780 0.015907 6 1 1
-34.675678 -23.668438 -14.034780 0.015907 7 2 0
-34.675678 -20.918602 -14.034780 2.765732 4 1 1
-34.675678 -18.168777 -14.034780 0.015907 5 1 1
-34.675678 -18.168777 -14.034780 0.015907 6 1 1
-34.675678 -18.168777 -14.034780 0.015907 7 2 0
-34.675678 -20.918604 -14.034780 1.257816 4 1 1
-34.675678 -20.918608 -14.034780 1.257813 5 1 1
-34.675678 -20.918608 -14.034780 1.257813 6 1 1
-34.675678 -20.918608 -14.034780 1.257813 7 2 0
-29.718231 -14.501976 -19.449735 10.132495 2 1 4
-34.675678 -15.418947 -15.873734 4.572878 3 1 2
-34.675678 -15.418946 -14.034780 2.765737 4 1 1
-34.675678 -12.669117 -14.034780 0.015907 5 1 1
-34.675678 -12.669117 -14.034780 0.015907 6 1 1
-34.675678 -12.669117 -14.034780 0.015907 7 2 0
-34.675678 -15.418947 -14.034780 2.733923 4 1 1
-34.675678 -15.418947 -14.034780 2.733923 5 1 1
-34.675678 -15.418947 -14.034780 2.733923 6 1 1
-34.675678 -15.418947 -14.034780 2.733923 7 2 0
-34.675678 -11.177252 -20.125839 6.309178 3 1 2
-34.675678 -15.418884 -20.125839 2.067547 4 1 1
-34.675678 -15.418947 -20.125839 2.067483 5 1 1
-34.675678 -15.418947 -20.125839 2.067483 6 1 1
-34.675678 -15.418947 -20.125839 2.067483 7 2 0
-34.675678 -9.919292 -20.125839 3.100271 4 1 1
-34.675678 -9.919287 -20.125839 3.100266 5 1 1
-34.675678 -9.919287 -20.125839 3.100266 6 1 1
-34.675678 -9.919287 -20.125839 3.100266 7 2 0
-28.405980 -15.418947 -19.266364 6.333259 3 1 1
-27.375957 -15.418947 -20.125839 4.991750 4 1 1
-27.375957 -15.418947 -20.125839 4.991750 5 1 1
-27.375957 -15.418947 -20.125839 4.991750 6 1 1
-27.375957 -15.418947 -20.125839 4.991750 7 2 0
-27.376013 -7.731792 -20.125801 2.695405 3 1 2
-27.375957 -9.919217 -20.125839 0.507980 4 1 1
-27.375957 -9.919287 -20.125839 0.507910 5 1 1
-27.375957 -9.919287 -20.125839 0.507910 6 1 1
-27.375957 -9.919287 -20.125839 0.507910 7 2 0
-27.375957 -7.169462 -20.125839 0.798849 4 1 1
-27.375957 -7.169457 -20.125839 0.798844 5 1 1
-27.375957 -7.169457 -20.125839 0.798844 6 1 1
-27.375957 -7.169457 -20.125839 0.798844 7 2 0
-22.193305 -24.052367 -19.406971 11.575875 2 1 4
-27.375954 -26.397986 -20.125839 2.321201 3 1 1
-27.375957 -26.418268 -20.125839 2.300919 4 1 1
-27.375957 -26.418268 -20.125839 2.300919 5 1 1
-27.375957 -26.418268 -20.125839 2.300919 6 1 1
-27.375957 -26.418268 -20.125839 2.300919 7 2 0
-27.375954 -26.340112 -20.125839 5.929414 3 1 2
-27.375957 -22.041735 -20.125839 1.631038 4 1 1
-27.375957 -20.918608 -20.125839 0.507910 5 1 1
-27.375957 -20.918608 -20.125839 0.507910 6 1 1
-27.375957 -20.918608 -20.125839 0.507910 7 2 0
-27.375957 -22.041735 -20.125839 2.075614 4 1 1
-27.375957 -23.668438 -20.125839 0.448911 5 1 1
-27.375957 -23.668438 -20.125839 0.448911 6 1 1
-27.375957 -23.668438 -20.125839 0.448911 7 2 0
-20.072363 -23.665484 -20.125839 5.504433 3 1 1
-20.076237 -23.668438 -20.125839 5.499561 4 1 1
-20.076237 -23.668438 -20.125839 5.499561 5 1 1
-20.076237 -23.668438 -20.125839 5.499561 6 1 1
-20.076237 -23.668438 -20.125839 5.499561 7 2 0
-20.072270 -23.665448 -20.125839 9.583539 3 1 2
-12.776517 -18.168777 -20.125839 7.299819 4 1 1
-20.076237 -18.168777 -20.125839 0.000099 5 1 1
-20.076237 -18.168777 -20.125839 0.000099 6 1 1
-20.076237 -18.168777 -20.125839 0.000099 7 2 0
-12.776517 -18.168777 -20.125839 0.448912 4 1 1
-12.776517 -18.168777 -20.125839 0.448912 5 1 1
-12.776517 -18.168777 -20.125839 0.448912 6 1 1
-12.776517 -18.168777 -20.125839 0.448912 7 2 0
-27.375940 -9.939248 -10.172649 10.286022 2 1 4
-34.675678 -15.418947 -7.943720 0.890203 3 1 1
-34.675678 -15.418947 -7.943720 0.890203 4 1 1
-34.675678 -15.418947 -7.943720 0.890203 5 1 1
-34.675678 -15.418947 -7.943720 0.890203 6 1 1
-34.675678 -15.418947 -7.943720 0.890203 7 2 0
-27.375957 -9.974452 -14.034780 3.285707 3 1 2
-27.375957 -9.919154 -14.034780 2.828314 4 1 2
-27.375957 -9.919067 -14.034780 2.828226 5 1 1
-27.375957 -7.169457 -14.034780 0.078617 6 1 1
-27.375957 -7.169457 -14.034780 0.078617 7 2 0
-27.375957 -9.919238 -14.034780 2.158837 5 1 1
-27.375957 -9.919287 -14.034780 2.158788 6 1 1
-27.375957 -9.919287 -14.034780 2.158788 7 2 0
-27.375957 -12.669065 -14.034780 0.591094 4 1 1
-27.375957 -12.669117 -14.034780 0.591042 5 1 1
-27.375957 -12.669117 -14.034780 0.591042 6 1 1
-27.375957 -12.669117 -14.034780 0.591042 7 2 0
-27.651322 -10.157108 -8.011043 2.528052 3 1 1
-27.375957 -12.669117 -7.943720 0.000099 4 1 1
-27.375957 -12.669117 -7.943720 0.000099 5 1 1
-27.375957 -12.669117 -7.943720 0.000099 6 1 1
-27.375957 -12.669117 -7.943720 0.000099 7 2 0
-27.375957 -9.918868 -7.943798 2.888787 3 1 2
-27.375957 -9.918593 -7.943720 2.888512 4 1 1
-27.375957 -7.169457 -7.943720 0.139376 5 1 1
-27.375957 -7.169457 -7.943720 0.139376 6 1 1
-27.375957 -7.169457 -7.943720 0.139376 7 2 0
-27.375957 -9.919134 -7.943720 2.610606 4 1 1
-27.375957 -9.919287 -7.943720 2.610454 5 1 1
-27.375957 -9.919287 -7.943720 2.610454 6 1 1
-27.375957 -9.919287 -7.943720 2.610454 7 2 0
5.305390 -21.131889 4.240097 33.097584 1 1 4
-9.707464 -21.982802 8.731500 16.596405 2 1 2
-12.776516 -9.919329 16.420519 10.552611 3 1 2
-12.776517 -9.919287 16.420519 2.749929 4 1 2
-12.776517 -9.919287 16.420519 2.749929 5 1 1
-12.776517 -12.669117 16.420519 0.000099 6 1 1
-12.776517 -12.669117 16.420519 0.000099 7 2 0
-12.776517 -9.919287 16.420519 1.499486 5 1 1
-12.776517 -9.919287 16.420519 1.499486 6 1 1
-12.776517 -9.919287 16.420519 1.499486 7 2 0
-5.476797 -12.669117 16.420519 2.752148 4 1 1
-5.476797 -12.669117 16.420519 2.752148 5 1 1
-5.476797 -12.669117 16.420519 2.752148 6 1 1
-5.476797 -12.669117 16.420519 2.752148 7 2 0
-12.515167 -20.623254 16.420519 8.643774 3 1 1
-12.776517 -20.918608 16.420519 8.249392 4 1 1
-12.776517 -20.918608 16.420519 8.249392 5 1 1
-12.776517 -20.918608 16.420519 8.249392 6 1 1
-12.776517 -20.918608 16.420519 8.249392 7 2 0
-7.806614 -22.073918 7.696161 32.061043 2 1 4
1.822914 -26.418261 -20.125795 8.698397 3 1 3
1.822923 -23.648167 -20.125839 5.928302 4 1 3
1.822923 -26.418221 -20.125839 2.300965 5 1 1
1.822923 -26.418268 -20.125839 2.300918 6 1 1
1.822923 -26.418268 -20.125839 2.300918 7 2 0
1.822923 -20.898442 -20.125839 3.178577 5 1 2
1.822923 -18.168827 -20.125839 0.448962 6 1 1
1.822923 -18.168777 -20.125839 0.448912 7 2 0
1.822923 -20.918608 -20.125839 2.300918 6 1 1
1.822923 -20.918608 -20.125839 2.300918 7 2 0
1.822923 -26.397951 -20.125839 3.178426 5 1 1
1.822923 -23.668438 -20.125839 0.448912 6 1 1
1.822923 -23.668438 -20.125839 0.448912 7 2 0
1.822923 -26.418268 -14.034780 2.300918 4 1 1
1.822923 -26.418268 -14.034780 2.300918 5 1 1
1.822923 -26.418268 -14.034780 2.300918 6 1 1
1.822923 -26.418268 -14.034780 2.300918 7 2 0
1.822923 -23.668438 -14.034827 0.448960 4 1 1
1.822923 -23.668438 -14.034780 0.448912 5 1 1
1.822923 -23.668438 -14.034780 0.448912 6 1 1
1.822923 -23.668438 -14.034780 0.448912 7 2 0
-3.377456 -23.524058 -9.021365 9.979892 3 1 3
-5.476797 -23.668438 -7.943720 7.866452 4 1 2
-5.476797 -26.113022 -1.852704 3.036083 5 1 2
-5.476797 -26.418268 -1.852660 1.183445 6 1 1
-5.476797 -26.418268 -1.852660 1.183445 7 2 0
-5.476797 -23.668499 -1.852660 0.591559 6 1 1
-5.476797 -23.668438 -1.852660 0.591498 7 2 0
-5.476797 -23.668438 -7.943720 5.499759 5 1 2
-5.476797 -23.668438 -7.943720 5.499760 6 1 1
-5.476797 -18.168777 -7.943720 0.000099 7 2 0
-5.476797 -23.668438 -7.943720 5.499561 6 1 1
-5.476797 -23.668438 -7.943720 5.499561 7 2 0
0.860137 -26.360391 -7.140396 3.556161 4 1 2
1.822923 -26.418268 -7.943720 2.300918 5 1 1
1.822923 -26.418268 -7.943720 2.300918 6 1 1
1.822923 -26.418268 -7.943720 2.300918 7 2 0
1.822923 -23.668488 -7.943720 0.448962 5 1 1
1.822923 -23.668438 -7.943720 0.448912 6 1 1
1.822923 -23.668438 -7.943720 0.448912 7 2 0
1.822922 -20.898339 -10.989248 5.346517 4 1 4
1.822923 -20.918608 -14.034779 2.300919 5 1 1
1.822923 -20.918608 -14.034780 2.300918 6 1 1
1.822923 -20.918608 -14.034780 2.300918 7 2 0
1.822923 -20.898337 -14.034780 3.178472 5 1 1
1.822923 -18.168777 -14.034780 0.448912 6 1 1
1.822923 -18.168777 -14.034780 0.448912 7 2 0
1.822923 -20.918608 -7.943720 2.300918 5 1 1
1.822923 -20.918608 -7.943720 2.300918 6 1 1
1.822923 -20.918608 -7.943720 2.300918 7 2 0
1.822923 -18.168827 -7.943721 0.448962 5 1 1
1.822923 -18.168777 -7.943720 0.448912 6 1 1
1.822923 -18.168777 -7.943720 0.448912 7 2 0
0.664272 -24.145522 4.778115 11.875492 3 1 3
-5.476797 -26.418268 4.238399 2.300918 4 1 1
-5.476797 -26.418268 4.238400 2.300918 5 1 1
-5.476797 -26.418268 4.238400 2.300918 6 1 1
-5.476797 -26.418268 4.238400 2.300918 7 2 0
9.122609 -26.418256 -1.852633 0.890248 4 1 1
9.122643 -26.418268 -1.852660 0.890203 5 1 1
9.122643 -26.418268 -1.852660 0.890203 6 1 1
9.122643 -26.418268 -1.852660 0.890203 7 2 0
1.822923 -23.668438 4.238400 7.866451 4 1 3
1.822923 -26.112966 -1.852660 1.488748 5 1 1
1.822923 -26.418268 -1.852660 1.183445 6 1 1
1.822923 -26.418268 -1.852660 1.183445 7 2 0
1.822923 -23.668438 -1.852660 3.933275 5 1 2
1.822923 -23.668377 -1.852660 0.591559 6 1 1
1.822923 -23.668438 -1.852660 0.591498 7 2 0
1.822923 -20.918609 -1.852660 1.183446 6 1 1
1.822923 -20.918608 -1.852660 1.183445 7 2 0
1.822923 -23.668438 4.238400 5.499561 5 1 1
1.822923 -23.668438 4.238400 5.499561 6 1 1
1.822923 -23.668438 4.238400 5.499561 7 2 0
-2.351297 -20.398187 5.113482 11.290589 3 1 4
-5.476797 -23.668445 4.238449 0.448963 4 1 1
-5.476797 -23.668438 4.238400 0.448912 5 1 1
-5.476797 -23.668438 4.238400 0.448912 6 1 1
-5.476797 -23.668438 4.238400 0.448912 7 2 0
-5.341164 -20.799225 3.314209 9.861664 4 1 4
-5.476797 -20.918608 -1.852660 1.183445 5 1 1
-5.476797 -20.918608 -1.852660 1.183445 6 1 1
-5.476797 -20.918608 -1.852660 1.183445 7 2 0
-5.476797 -20.534873 -1.852660 3.011474 5 1 1
-5.476797 -18.168777 -1.852660 0.645378 6 1 1
-5.476797 -18.168777 -1.852660 0.645378 7 2 0
-5.476797 -20.918608 4.238400 3.198743 5 1 2
-5.476797 -20.918608 4.238400 2.300918 6 1 1
-5.476797 -20.918608 4.238400 2.300918 7 2 0
-5.476797 -18.168827 4.238400 0.448962 6 1 1
-5.476797 -18.168777 4.238400 0.448912 7 2 0
-0.015195 -18.168795 -0.318892 4.914118 5 1 2
1.822923 -18.168777 -1.852660 6.091159 6 1 1
1.822923 -18.168777 4.238400 0.000099 7 2 0
1.822923 -18.168777 -1.852660 0.645378 6 1 1
1.822923 -18.168777 -1.852660 0.645378 7 2 0
-5.476797 -25.930216 10.329459 3.221974 4 1 2
-5.476797 -26.418267 10.329459 2.765737 5 1 1
-5.476797 -23.668438 10.329459 0.015908 6 1 1
-5.476797 -23.668438 10.329459 0.015908 7 2 0
-5.476797 -26.418268 10.329459 2.733922 5 1 1
-5.476797 -26.418268 10.329459 2.733922 6 1 1
-5.476797 -26.418268 10.329459 2.733922 7 2 0
-5.476797 -18.168778 10.329459 4.007642 4 1 2
-5.476797 -20.918602 10.329459 1.257818 5 1 1
-5.476797 -20.918608 10.329459 1.257812 6 1 1
-5.476797 -20.918608 10.329459 1.257812 7 2 0
-5.476797 -18.168847 10.329459 0.835294 5 1 1
-5.476797 -18.168777 10.329459 0.835224 6 1 1
-5.476797 -18.168777 10.329459 0.835224 7 2 0
-3.756381 -24.647968 24.752658 19.888088 2 1 4
-12.379708 -26.399092 27.940425 3.286597 3 1 2
-12.776517 -26.418268 28.602638 2.300918 4 1 1
-12.776517 -26.418268 28.602638 2.300918 5 1 1
-12.776517 -26.418268 28.602638 2.300918 6 1 1
-12.776517 -26.418268 28.602638 2.300918 7 2 0
-12.776517 -23.668488 28.602638 0.448962 4 1 1
-12.776517 -23.668438 28.602638 0.448912 5 1 1
-12.776517 -23.668438 28.602638 0.448912 6 1 1
-12.776517 -23.668438 28.602638 0.448912 7 2 0
-9.540567 -20.815898 25.804851 14.498368 3 1 4
-12.776503 -9.300062 22.511586 3.448055 4 1 2
-12.776517 -12.669044 22.511578 0.079073 5 1 1
-12.776517 -12.669117 22.511578 0.079000 6 1 1
-12.776517 -12.669117 22.511578 0.079000 7 2 0
-12.776517 -7.169486 22.511578 0.092066 5 1 1
-12.776517 -7.169457 22.511578 0.092037 6 1 1
-12.776517 -7.169457 22.511578 0.092037 7 2 0
-12.776517 -20.897134 28.602007 3.177269 4 1 2
-12.776517 -20.918608 28.602638 2.300918 5 1 1
-12.776517 -20.918608 28.602638 2.300918 6 1 1
-12.776517 -20.918608 28.602638 2.300918 7 2 0
-12.776517 -18.168827 28.602638 0.448962 5 1 1
-12.776517 -18.168777 28.602638 0.448912 6 1 1
-12.776517 -18.168777 28.602638 0.448912 7 2 0
-5.476797 -21.223837 22.511578 3.036101 4 1 2
-5.476797 -23.668372 22.511578 0.591565 5 1 1
-5.476797 -23.668438 22.511578 0.591499 6 1 1
-5.476797 -23.668438 22.511578 0.591499 7 2 0
-5.476797 -20.918609 22.511578 1.183447 5 1 1
-5.476797 -20.918608 22.511578 1.183446 6 1 1
-5.476797 -20.918608 22.511578 1.183446 7 2 0
-5.476797 -15.364824 22.511578 5.977747 4 1 3
-5.476797 -18.168777 22.511578 0.276798 5 1 1
-5.476797 -18.168777 22.511578 0.276798 6 1 1
-5.476797 -18.168777 22.511578 0.276798 7 2 0
-5.476797 -10.258480 22.511578 2.687435 5 1 2
-5.476797 -12.669050 22.511578 0.276865 6 1 1
-5.476797 -12.669117 22.511578 0.276798 7 2 0
-5.476797 -9.919288 22.511578 0.532212 6 1 1
-5.476797 -9.919287 22.511578 0.532210 7 2 0
-5.476797 -15.422798 22.511578 2.476882 5 1 1
-5.476797 -15.418947 22.511578 2.473032 6 1 1
-5.476797 -15.418947 22.511578 2.473032 7 2 0
1.822872 -26.418246 24.761937 11.974625 3 1 4
-5.476797 -26.418268 16.420519 0.890202 4 1 1
-5.476797 -26.418268 16.420519 0.890202 5 1 1
-5.476797 -26.418268 16.420519 0.890202 6 1 1
-5.476797 -26.418268 16.420519 0.890202 7 2 0
1.583366 -26.418246 22.311710 5.520473 4 1 2
1.822923 -26.418267 22.511578 5.511652 5 1 2
1.822923 -20.918609 22.511578 2.749928 6 1 1
1.822923 -23.668438 22.511578 0.000099 7 2 0
1.822923 -20.918609 22.511578 0.011994 6 1 1
1.822923 -20.918608 22.511578 0.011992 7 2 0
1.822923 -26.418268 22.511578 2.749731 5 1 1
1.822923 -26.418268 22.511578 2.749731 6 1 1
1.822923 -26.418268 22.511578 2.749731 7 2 0
1.822923 -26.418268 28.602567 2.300990 4 1 1
1.822923 -26.418268 28.602638 2.300918 5 1 1
1.822923 -26.418268 28.602638 2.300918 6 1 1
1.822923 -26.418268 28.602638 2.300918 7 2 0
1.822923 -20.938916 28.602638 3.178434 4 1 2
1.822923 -23.668391 28.602638 0.448959 5 1 1
1.822923 -23.668438 28.602638 0.448912 6 1 1
1.822923 -23.668438 28.602638 0.448912 7 2 0
1.822923 -20.918608 28.602638 2.300918 5 1 1
1.822923 -20.918608 28.602638 2.300918 6 1 1
1.822923 -20.918608 28.602638 2.300918 7 2 0
-4.971793 -23.478201 28.602636 9.072030 3 1 3
-5.476797 -26.418268 22.511579 1.183447 4 1 1
-5.476797 -26.418268 22.511578 1.183446 5 1 1
-5.476797 -26.418268 22.511578 1.183446 6 1 1
-5.476797 -26.418268 22.511578 1.183446 7 2 0
-5.472829 -23.665450 28.602635 5.504529 4 1 2
-5.476797 -23.668438 28.602638 5.499760 5 1 1
-5.476797 -18.168777 28.602638 0.000099 6 1 1
-5.476797 -18.168777 28.602638 0.000099 7 2 0
-5.476797 -23.668438 28.602638 5.499561 5 1 1
-5.476797 -23.668438 28.602638 5.499561 6 1 1
-5.476797 -23.668438 28.602638 5.499561 7 2 0
1.822891 -18.168802 28.602638 0.448953 4 1 1
1.822923 -18.168777 28.602638 0.448912 5 1 1
1.822923 -18.168777 28.602638 0.448912 6 1 1
1.822923 -18.168777 28.602638 0.448912 7 2 0
6.426683 -19.370965 17.097492 17.210276 2 1 4
1.822923 -26.418263 16.420514 7.274500 3 1 4
1.822923 -26.418268 10.329459 1.183445 4 1 1
1.822923 -26.418268 10.329459 1.183445 5 1 1
1.822923 -26.418268 10.329459 1.183445 6 1 1
1.822923 -26.418268 10.329459 1.183445 7 2 0
1.822923 -26.113040 10.329460 3.036100 4 1 1
1.822923 -23.668438 10.329459 0.591498 5 1 1
1.822923 -23.668438 10.329459 0.591498 6 1 1
1.822923 -23.668438 10.329459 0.591498 7 2 0
1.822923 -26.418268 16.420519 1.980540 4 1 1
1.822923 -26.418268 16.420519 1.980540 5 1 1
1.822923 -26.418268 16.420519 1.980540 6 1 1
1.822923 -26.418268 16.420519 1.980540 7 2 0
1.822923 -23.639792 16.420516 2.861850 4 1 2
1.822923 -20.918657 16.420519 0.140715 5 1 1
1.822923 -20.918608 16.420519 0.140666 6 1 1
1.822923 -20.918608 16.420519 0.140666 7 2 0
1.822923 -23.668438 16.420519 0.641425 5 1 1
1.822923 -23.668438 16.420519 0.641425 6 1 1
1.822923 -23.668438 16.420519 0.641425 7 2 0
4.311513 -16.706771 11.783676 15.506650 3 1 4
9.122606 -26.418227 4.238430 2.300982 4 1 1
9.122643 -26.418268 4.238400 2.300918 5 1 1
9.122643 -26.418268 4.238400 2.300918 6 1 1
9.122643 -26.418268 4.238400 2.300918 7 2 0
4.230071 -18.068980 8.320890 8.020409 4 1 3
1.822923 -20.918608 10.329459 0.600904 5 1 1
1.822923 -20.918608 10.329459 0.600904 6 1 1
1.822923 -20.918608 10.329459 0.600904 7 2 0
1.822923 -18.144573 10.329459 3.170632 5 1 2
1.822923 -15.418996 10.329459 0.445056 6 1 1
1.822923 -15.418947 10.329459 0.445007 7 2 0
1.822923 -18.168777 10.329459 2.148926 6 1 1
1.822923 -18.168777 10.329459 2.148926 7 2 0
8.981517 -18.115634 4.356158 1.838833 5 1 1
9.122643 -18.168777 4.238400 1.647502 6 1 1
9.122643 -18.168777 4.238400 1.647502 7 2 0
9.008074 -25.781219 4.334001 5.967228 4 1 2
9.122643 -21.092578 4.238400 3.024773 5 1 1
9.122643 -23.668438 4.238400 0.448912 6 1 1
9.122643 -23.668438 4.238400 0.448912 7 2 0
9.122643 -21.092578 4.238400 1.276298 5 1 1
9.122643 -20.918608 4.238400 1.102328 6 1 1
9.122643 -20.918608 4.238400 1.102328 7 2 0
9.122642 -13.113566 10.329457 7.281272 4 1 3
9.122643 -15.418923 4.238454 0.768594 5 1 1
9.122643 -15.418947 4.238400 0.768534 6 1 1
9.122643 -15.418947 4.238400 0.768534 7 2 0
9.122643 -15.418947 10.329459 1.010840 5 1 1
9.122643 -15.418947 10.329459 1.010840 6 1 1
9.122643 -15.418947 10.329459 1.010840 7 2 0
9.122643 -12.661952 10.329459 2.982173 5 1 2
9.122643 -9.919337 10.329459 0.239558 6 1 1
9.122643 -9.919287 10.329459 0.239508 7 2 0
9.122643 -12.669117 10.329459 1.738990 6 1 1
9.122643 -12.669117 10.329459 1.738990 7 2 0
9.122642 -20.952848 16.420519 9.231116 3 1 3
9.122643 -26.418268 10.329524 1.047550 4 1 1
9.122643 -26.418268 10.329459 1.047485 5 1 1
9.122643 -26.418268 10.329459 1.047485 6 1 1
9.122643 -26.418268 10.329459 1.047485 7 2 0
9.122643 -26.418268 22.511578 1.047484 4 1 1
9.122643 -26.418268 22.511578 1.047484 5 1 1
9.122643 -26.418268 22.511578 1.047484 6 1 1
9.122643 -26.418268 22.511578 1.047484 7 2 0
9.122643 -20.918608 16.420519 7.159054 4 1 1
9.122643 -20.918608 16.420519 7.159054 5 1 1
9.122643 -20.918608 16.420519 7.159054 6 1 1
9.122643 -20.918608 16.420519 7.159054 7 2 0
4.101651 -15.592705 20.610148 12.991302 3 1 3
1.822927 -12.709550 16.421078 6.847687 4 1 3
1.822923 -18.168777 16.420519 0.641425 5 1 1
1.822923 -18.168777 16.420519 0.641425 6 1 1
1.822923 -18.168777 16.420519 0.641425 7 2 0
1.822923 -12.669117 16.420519 3.283607 5 1 1
1.822923 -12.669117 16.420519 3.283607 6 1 1
1.822923 -12.669117 16.420519 3.283607 7 2 0
1.822923 -9.919300 22.511548 0.148484 5 1 1
1.822923 -9.919287 22.511578 0.148451 6 1 1
1.822923 -9.919287 22.511578 0.148451 7 2 0
1.822923 -18.168777 22.511578 2.761822 4 1 2
1.822923 -18.168777 22.511578 2.761822 5 1 1
1.822923 -15.418947 22.511578 0.011992 6 1 1
1.822923 -15.418947 22.511578 0.011992 7 2 0
1.822923 -18.168777 22.511578 2.737838 5 1 1
1.822923 -18.168777 22.511578 2.737838 6 1 1
1.822923 -18.168777 22.511578 2.737838 7 2 0
9.122584 -9.919254 16.420519 5.544847 4 1 3
9.122643 -12.669117 16.420519 0.698345 5 1 1
9.122643 -12.669117 16.420519 0.698345 6 1 1
9.122643 -12.669117 16.420519 0.698345 7 2 0
9.122643 -7.168773 16.420519 2.794366 5 1 2
9.122643 -7.168220 16.420519 2.793813 6 1 1
9.122643 -4.419627 16.420519 0.045220 7 2 0
9.122643 -7.169185 16.420519 0.698617 6 1 1
9.122643 -7.169457 16.420519 0.698345 7 2 0
9.122643 -10.023641 16.420519 2.155839 5 1 1
9.122643 -9.919287 16.420519 2.051485 6 1 1
9.122643 -9.919287 16.420519 2.051485 7 2 0
14.788336 -19.520726 2.487427 29.573244 1 1 4
11.091811 -23.648509 -15.669551 16.426495 2 1 4
9.122643 -26.113025 -20.125809 6.377862 3 1 3
9.122643 -23.668438 -20.125839 0.591498 4 1 1
9.122643 -23.668438 -20.125839 0.591498 5 1 1
9.122643 -23.668438 -20.125839 0.591498 6 1 1
9.122643 -23.668438 -20.125839 0.591498 7 2 0
9.122643 -21.223910 -20.125839 1.488748 4 1 1
9.122643 -20.918608 -20.125839 1.183445 5 1 1
9.122643 -20.918608 -20.125839 1.183445 6 1 1
9.122643 -20.918608 -20.125839 1.183445 7 2 0
9.122643 -26.418268 -20.125839 1.183445 4 1 1
9.122643 -26.418268 -20.125839 1.183445 5 1 1
9.122643 -26.418268 -20.125839 1.183445 6 1 1
9.122643 -26.418268 -20.125839 1.183445 7 2 0
9.122647 -23.659743 -14.170502 7.993899 3 1 2
9.122643 -26.113022 -7.943764 3.036083 4 1 2
9.122643 -26.418268 -7.943720 1.183445 5 1 1
9.122643 -26.418268 -7.943720 1.183445 6 1 1
9.122643 -26.418268 -7.943720 1.183445 7 2 0
9.122643 -23.668499 -7.943720 0.591559 5 1 1
9.122643 -23.668438 -7.943720 0.591498 6 1 1
9.122643 -23.668438 -7.943720 0.591498 7 2 0
9.122643 -23.668438 -14.034780 5.499759 4 1 2
9.122643 -23.668438 -14.034780 5.499760 5 1 1
9.122643 -18.168777 -14.034780 0.000099 6 1 1
9.122643 -18.168777 -14.034780 0.000099 7 2 0
9.122643 -23.668438 -14.034780 5.499561 5 1 1
9.122643 -23.668438 -14.034780 5.499561 6 1 1
9.122643 -23.668438 -14.034780 5.499561 7 2 0
17.813707 -24.627458 -19.144271 9.001083 3 1 4
16.422363 -26.418268 -14.034780 2.300919 4 1 1
16.422363 -26.418268 -14.034780 2.300919 5 1 1
16.422363 -26.418268 -14.034780 2.300919 6 1 1
16.422363 -26.418268 -14.034780 2.300919 7 2 0
16.422363 -23.668438 -20.125839 4.007643 4 1 1
16.422363 -23.668438 -20.125839 4.007643 5 1 1
16.422363 -23.668438 -20.125839 4.007643 6 1 1
16.422363 -23.668438 -20.125839 4.007643 7 2 0
21.025214 -26.418268 -17.875507 6.262153 4 1 1
23.722084 -26.418268 -20.125839 2.749731 5 1 1
23.722084 -26.418268 -20.125839 2.749731 6 1 1
23.722084 -26.418268 -20.125839 2.749731 7 2 0
16.422375 -23.668445 -14.034821 0.448955 4 1 1
16.422363 -23.668438 -14.034780 0.448911 5 1 1
16.422363 -23.668438 -14.034780 0.448911 6 1 1
16.422363 -23.668438 -14.034780 0.448911 7 2 0
16.422372 -15.419011 -20.125832 8.445844 3 1 2
9.122669 -18.168768 -20.125839 0.645406 4 1 1
9.122643 -18.168777 -20.125839 0.645378 5 1 1
9.122643 -18.168777 -20.125839 0.645378 6 1 1
9.122643 -18.168777 -20.125839 0.645378 7 2 0
16.422363 -15.418947 -20.125839 3.412077 4 1 1
16.422363 -15.418947 -20.125839 3.412076 5 1 1
16.422363 -15.418947 -20.125839 3.412076 6 1 1
16.422363 -15.418947 -20.125839 3.412076 7 2 0
17.329631 -20.094733 -9.084458 20.655069 2 1 4
9.122696 -20.191511 -7.943730 2.864198 3 1 2
9.122643 -20.918598 -7.943720 1.183455 4 1 1
9.122643 -20.918608 -7.943720 1.183445 5 1 1
9.122643 -20.918608 -7.943720 1.183445 6 1 1
9.122643 -20.918608 -7.943720 1.183445 7 2 0
9.122643 -18.168850 -7.943720 0.841537 4 1 1
9.122643 -18.168777 -7.943720 0.841465 5 1 1
9.122643 -18.168777 -7.943720 0.841465 6 1 1
9.122643 -18.168777 -7.943720 0.841465 7 2 0
20.736855 -11.625349 -18.103682 13.418271 3 1 3
16.422423 -9.892410 -19.990451 3.094922 4 1 2
16.422363 -9.919287 -20.125839 1.705269 5 1 1
16.422363 -9.919287 -20.125839 1.705269 6 1 1
16.422363 -9.919287 -20.125839 1.705269 7 2 0
16.422363 -7.169508 -20.125839 0.368657 5 1 1
16.422363 -7.169457 -20.125839 0.368606 6 1 1
16.422363 -7.169457 -20.125839 0.368606 7 2 0
16.485119 -12.719198 -14.087134 9.000767 4 1 3
16.422363 -15.418947 -14.034780 0.484675 5 1 1
16.422363 -15.418947 -14.034780 0.484675 6 1 1
16.422363 -15.418947 -14.034780 0.484675 7 2 0
16.422363 -12.642440 -14.034780 3.207829 5 1 2
16.422363 -9.919339 -14.034780 0.484728 6 1 1
16.422363 -9.919287 -14.034780 0.484675 7 2 0
16.422363 -12.669117 -14.034780 2.265155 6 1 1
16.422363 -12.669117 -14.034780 2.265155 7 2 0
16.422363 -9.919287 -7.943720 2.249103 5 1 1
16.422363 -9.919287 -7.943720 2.249103 6 1 1
16.422363 -9.919287 -7.943720 2.249103 7 2 0
22.346696 -9.907540 -16.974120 6.963071 4 1 4
23.722084 -15.418947 -20.125839 0.466869 5 1 1
23.722084 -15.418947 -20.125839 0.466869 6 1 1
23.722084 -15.418947 -20.125839 0.466869 7 2 0
23.722084 -9.907400 -20.125839 5.931842 5 1 2
23.722084 -4.419667 -20.125839 0.444110 6 1 1
23.722084 -4.419627 -20.125839 0.444070 7 2 0
23.722084 -9.919287 -20.125839 3.432102 6 1 1
23.722084 -9.919287 -20.125839 3.432102 7 2 0
23.722084 -9.985061 -14.107632 2.131505 5 1 1
23.722084 -9.919287 -14.034780 2.033353 6 1 1
23.722084 -9.919287 -14.034780 2.033353 7 2 0
23.722084 -7.169509 -14.034781 0.435930 5 1 1
23.722084 -7.169457 -14.034780 0.435878 6 1 1
23.722084 -7.169457 -14.034780 0.435878 7 2 0
16.780255 -21.187298 -2.238036 13.131369 3 1 3
16.687266 -21.104867 -2.066325 9.938076 4 1 1
23.722084 -15.418947 -1.852660 0.890203 5 1 1
23.722084 -15.418947 -1.852660 0.890203 6 1 1
23.722084 -15.418947 -1.852660 0.890203 7 2 0
16.422416 -20.918645 -1.852703 8.249469 4 1 1
16.422363 -20.918608 -1.852660 8.249392 5 1 1
16.422363 -20.918608 -1.852660 8.249392 6 1 1
16.422363 -20.918608 -1.852660 8.249392 7 2 0
23.722077 -26.418190 -7.943673 2.734015 4 1 1
23.722084 -26.418268 -7.943720 2.733923 5 1 1
23.722084 -26.418268 -7.943720 2.733923 6 1 1
23.722084 -26.418268 -7.943720 2.733923 7 2 0
23.409288 -17.393396 -13.570485 11.075573 3 1 4
16.422364 -20.918608 -14.034780 1.584343 4 1 1
16.422363 -20.918608 -14.034780 1.584343 5 1 1
16.422363 -20.918608 -14.034780 1.584343 6 1 1
16.422363 -20.918608 -14.034780 1.584343 7 2 0
16.917761 -17.894950 -13.938173 1.657807 4 1 1
16.422363 -18.168777 -14.034780 1.083583 5 1 1
16.422363 -18.168777 -14.034780 1.083583 6 1 1
16.422363 -18.168777 -14.034780 1.083583 7 2 0
23.722084 -18.448762 -14.032287 10.002859 4 1 4
23.722084 -26.352434 -14.107598 6.589717 5 1 2
23.722084 -26.418268 -14.034780 6.683105 6 1 1
23.722084 -23.668438 -20.125839 0.000099 7 2 0
23.722084 -26.418268 -14.034780 2.033353 6 1 1
23.722084 -26.418268 -14.034780 2.033353 7 2 0
23.722084 -18.169942 -14.037359 7.147045 5 1 2
23.722084 -20.918592 -20.125805 0.466907 6 1 1
23.722084 -20.918608 -20.125839 0.466869 7 2 0
23.722084 -18.168777 -14.034780 6.216137 6 1 1
23.722084 -18.168777 -14.034780 6.216137 7 2 0
23.722084 -26.352458 -13.961930 6.605506 5 1 1
23.722084 -23.668438 -7.943720 0.015907 6 1 1
23.722084 -23.668438 -7.943720 0.015907 7 2 0
23.722084 -18.169942 -14.032200 7.147045 5 1 1
23.722084 -20.918608 -7.943720 0.466869 6 1 1
23.722084 -20.918608 -7.943720 0.466869 7 2 0
23.722084 -12.684637 -7.943720 7.800465 4 1 3
16.422413 -12.669117 -7.943720 0.500777 5 1 1
16.422363 -12.669117 -7.943720 0.500727 6 1 1
16.422363 -12.669117 -7.943720 0.500727 7 2 0
23.722084 -15.418947 -7.943720 0.466869 5 1 1
23.722084 -15.418947 -7.943720 0.466869 6 1 1
23.722084 -15.418947 -7.943720 0.466869 7 2 0
23.722084 -12.647270 -7.943720 3.117637 5 1 2
23.722084 -12.669117 -7.943720 1.947573 6 1 1
23.722084 -12.669117 -7.943720 1.947573 7 2 0
23.722084 -9.919341 -7.943720 0.389709 6 1 1
23.722084 -9.919287 -7.943720 0.389654 7 2 0
19.273207 -25.546453 7.745383 17.649490 2 1 4
16.422364 -24.587484 20.480217 4.723398 3 1 2
16.422363 -26.418228 22.511578 0.256063 4 1 1
16.422363 -26.418268 22.511578 0.256023 5 1 1
16.422363 -26.418268 22.511578 0.256023 6 1 1
16.422363 -26.418268 22.511578 0.256023 7 2 0
16.422363 -23.668438 22.511578 2.493808 4 1 1
16.422363 -23.668438 22.511578 2.493808 5 1 1
16.422363 -23.668438 22.511578 2.493808 6 1 1
16.422363 -23.668438 22.511578 2.493808 7 2 0
23.722060 -26.418265 -1.852614 9.464314 3 1 3
23.722084 -26.418268 -1.852660 0.890203 4 1 1
23.722084 -26.418268 -1.852660 0.890203 5 1 1
23.722084 -26.418268 -1.852660 0.890203 6 1 1
23.722084 -26.418268 -1.852660 0.890203 7 2 0
23.722084 -26.418200 4.238385 1.262813 4 1 1
23.722084 -26.418268 4.238400 1.262743 5 1 1
23.722084 -26.418268 4.238400 1.262743 6 1 1
23.722084 -26.418268 4.238400 1.262743 7 2 0
23.722084 -22.631784 4.238400 2.970989 4 1 2
23.722084 -23.668409 4.238400 1.487116 5 1 1
23.722084 -23.668438 4.238400 1.487087 6 1 1
23.722084 -23.668438 4.238400 1.487087 7 2 0
23.722084 -20.918686 4.238400 1.257891 5 1 1
23.722084 -20.918608 4.238400 1.257813 6 1 1
23.722084 -20.918608 4.238400 1.257813 7 2 0
16.902843 -26.418268 11.482140 3.998544 3 1 1
16.422363 -26.418268 10.329459 2.749929 4 1 2
16.422363 -26.418268 10.329459 2.749929 5 1 1
16.422363 -23.668438 10.329459 0.000099 6 1 1
16.422363 -23.668438 10.329459 0.000099 7 2 0
16.422363 -26.418268 10.329459 2.749731 5 1 1
16.422363 -26.418268 10.329459 2.749731 6 1 1
16.422363 -26.418268 10.329459 2.749731 7 2 0
18.252721 -23.408501 17.853339 5.783419 3 1 2
16.422363 -26.418268 16.420519 1.980541 4 1 1
16.422363 -26.418268 16.420519 1.980541 5 1 1
16.422363 -26.418268 16.420519 1.980541 6 1 1
16.422363 -26.418268 16.420519 1.980541 7 2 0
16.422363 -23.668491 16.420519 0.641480 4 1 1
16.422363 -23.668438 16.420519 0.641426 5 1 1
16.422363 -23.668438 16.420519 0.641426 6 1 1
16.422363 -23.668438 16.420519 0.641426 7 2 0
17.229047 -15.571826 7.842882 15.889623 2 1 4
16.422363 -20.918594 10.329444 12.911180 3 1 3
16.422363 -18.669132 22.511566 0.922906 4 1 1
16.422363 -18.168777 22.511578 0.422551 5 1 1
16.422363 -18.168777 22.511578 0.422551 6 1 1
16.422363 -18.168777 22.511578 0.422551 7 2 0
16.422363 -18.197495 16.420481 6.683197 4 1 3
16.422363 -20.918594 10.329489 0.012023 5 1 1
16.422363 -20.918608 10.329459 0.011991 6 1 1
16.422363 -20.918608 10.329459 0.011991 7 2 0
16.422363 -20.918608 16.420519 0.140667 5 1 1
16.422363 -20.918608 16.420519 0.140667 6 1 1
16.422363 -20.918608 16.420519 0.140667 7 2 0
16.422363 -18.168777 16.420519 0.641426 5 1 1
16.422363 -18.168777 16.420519 0.641426 6 1 1
16.422363 -18.168777 16.420519 0.641426 7 2 0
16.422363 -20.918576 21.643999 1.123602 4 1 1
16.422363 -20.918608 22.511578 0.256023 5 1 1
16.422363 -20.918608 22.511578 0.256023 6 1 1
16.422363 -20.918608 22.511578 0.256023 7 2 0
16.422363 -9.923746 1.095686 5.304117 3 1 4
16.422363 -9.919287 -1.852658 2.749929 4 1 1
16.422363 -12.669117 -1.852660 0.000099 5 1 1
16.422363 -12.669117 -1.852660 0.000099 6 1 1
16.422363 -12.669117 -1.852660 0.000099 7 2 0
16.422363 -9.919286 -1.852660 2.764682 4 1 2
16.422363 -9.919285 -1.852660 2.764682 5 1 1
16.422363 -7.169457 -1.852660 0.014853 6 1 1
16.422363 -7.169457 -1.852660 0.014853 7 2 0
16.422363 -9.919286 -1.852660 2.234706 5 1 1
16.422363 -9.919287 -1.852660 2.234706 6 1 1
16.422363 -9.919287 -1.852660 2.234706 7 2 0
16.422363 -12.669058 4.238400 0.588489 4 1 1
16.422363 -12.669117 4.238400 0.588430 5 1 1
16.422363 -12.669117 4.238400 0.588430 6 1 1
16.422363 -12.669117 4.238400 0.588430 7 2 0
16.422363 -9.874109 4.238400 3.257161 4 1 2
16.422363 -7.169507 4.238400 0.552559 5 1 1
16.422363 -7.169457 4.238400 0.552509 6 1 1
16.422363 -7.169457 4.238400 0.552509 7 2 0
16.422363 -9.919287 4.238400 2.161400 5 1 1
16.422363 -9.919287 4.238400 2.161400 6 1 1
16.422363 -9.919287 4.238400 2.161400 7 2 0
17.415581 -18.171004 9.614388 9.774019 3 1 2
16.422363 -18.168777 10.329459 2.761821 4 1 2
16.422363 -18.168777 10.329459 2.761821 5 1 1
16.422363 -15.418947 10.329459 0.011991 6 1 1
16.422363 -15.418947 10.329459 0.011991 7 2 0
16.422363 -18.168777 10.329459 2.737839 5 1 1
16.422363 -18.168777 10.329459 2.737839 6 1 1
16.422363 -18.168777 10.329459 2.737839 7 2 0
23.722037 -18.168777 4.238439 1.487149 4 1 1
23.722084 -18.168777 4.238400 1.487087 5 1 1
23.722084 -18.168777 4.238400 1.487087 6 1 1
23.722084 -18.168777 4.238400 1.487087 7 2 0
16.422363 -11.259729 10.329459 2.145264 3 1 2
16.422363 -12.669038 10.329459 0.735955 4 1 1
16.422363 -12.669117 10.329459 0.735877 5 1 1
16.422363 -12.669117 10.329459 0.735877 6 1 1
16.422363 -12.669117 10.329459 0.735877 7 2 0
16.422363 -9.919358 10.329459 0.748357 4 1 1
16.422363 -9.919287 10.329459 0.748286 5 1 1
16.422363 -9.919287 10.329459 0.748286 6 1 1
16.422363 -9.919287 10.329459 0.748286 7 2 0
